# Analysing data contained in file(s) ['/home/jguven/projects/metalloenzymes/kpc2/outputs/SOMD/lig_4~lig_16/unbound/lambda_0.0000/simfile.dat', '/home/jguven/projects/metalloenzymes/kpc2/outputs/SOMD/lig_4~lig_16/unbound/lambda_0.0625/simfile.dat', '/home/jguven/projects/metalloenzymes/kpc2/outputs/SOMD/lig_4~lig_16/unbound/lambda_0.1250/simfile.dat', '/home/jguven/projects/metalloenzymes/kpc2/outputs/SOMD/lig_4~lig_16/unbound/lambda_0.1875/simfile.dat', '/home/jguven/projects/metalloenzymes/kpc2/outputs/SOMD/lig_4~lig_16/unbound/lambda_0.2500/simfile.dat', '/home/jguven/projects/metalloenzymes/kpc2/outputs/SOMD/lig_4~lig_16/unbound/lambda_0.3125/simfile.dat', '/home/jguven/projects/metalloenzymes/kpc2/outputs/SOMD/lig_4~lig_16/unbound/lambda_0.3750/simfile.dat', '/home/jguven/projects/metalloenzymes/kpc2/outputs/SOMD/lig_4~lig_16/unbound/lambda_0.4375/simfile.dat', '/home/jguven/projects/metalloenzymes/kpc2/outputs/SOMD/lig_4~lig_16/unbound/lambda_0.5000/simfile.dat', '/home/jguven/projects/metalloenzymes/kpc2/outputs/SOMD/lig_4~lig_16/unbound/lambda_0.5625/simfile.dat', '/home/jguven/projects/metalloenzymes/kpc2/outputs/SOMD/lig_4~lig_16/unbound/lambda_0.6250/simfile.dat', '/home/jguven/projects/metalloenzymes/kpc2/outputs/SOMD/lig_4~lig_16/unbound/lambda_0.6875/simfile.dat', '/home/jguven/projects/metalloenzymes/kpc2/outputs/SOMD/lig_4~lig_16/unbound/lambda_0.7500/simfile.dat', '/home/jguven/projects/metalloenzymes/kpc2/outputs/SOMD/lig_4~lig_16/unbound/lambda_0.8125/simfile.dat', '/home/jguven/projects/metalloenzymes/kpc2/outputs/SOMD/lig_4~lig_16/unbound/lambda_0.8750/simfile.dat', '/home/jguven/projects/metalloenzymes/kpc2/outputs/SOMD/lig_4~lig_16/unbound/lambda_0.9375/simfile.dat', '/home/jguven/projects/metalloenzymes/kpc2/outputs/SOMD/lig_4~lig_16/unbound/lambda_1.0000/simfile.dat']
#Overlap matrix
0.7371 0.2423 0.0202 0.0003 0.0000 0.0000 0.0000 0.0000 0.0000 0.0000 0.0000 0.0000 0.0000 0.0000 0.0000 0.0000 0.0000
0.2423 0.5141 0.2250 0.0183 0.0003 0.0000 0.0000 0.0000 0.0000 0.0000 0.0000 0.0000 0.0000 0.0000 0.0000 0.0000 0.0000
0.0202 0.2250 0.5133 0.2236 0.0176 0.0003 0.0000 0.0000 0.0000 0.0000 0.0000 0.0000 0.0000 0.0000 0.0000 0.0000 0.0000
0.0003 0.0183 0.2236 0.5200 0.2208 0.0167 0.0002 0.0000 0.0000 0.0000 0.0000 0.0000 0.0000 0.0000 0.0000 0.0000 0.0000
0.0000 0.0003 0.0176 0.2208 0.5255 0.2219 0.0137 0.0001 0.0000 0.0000 0.0000 0.0000 0.0000 0.0000 0.0000 0.0000 0.0000
0.0000 0.0000 0.0003 0.0167 0.2219 0.5394 0.2086 0.0129 0.0001 0.0000 0.0000 0.0000 0.0000 0.0000 0.0000 0.0000 0.0000
0.0000 0.0000 0.0000 0.0002 0.0137 0.2086 0.5515 0.2153 0.0106 0.0001 0.0000 0.0000 0.0000 0.0000 0.0000 0.0000 0.0000
0.0000 0.0000 0.0000 0.0000 0.0001 0.0129 0.2153 0.5518 0.2087 0.0111 0.0001 0.0000 0.0000 0.0000 0.0000 0.0000 0.0000
0.0000 0.0000 0.0000 0.0000 0.0000 0.0001 0.0106 0.2087 0.5646 0.2065 0.0094 0.0001 0.0000 0.0000 0.0000 0.0000 0.0000
0.0000 0.0000 0.0000 0.0000 0.0000 0.0000 0.0001 0.0111 0.2065 0.5702 0.2033 0.0087 0.0000 0.0000 0.0000 0.0000 0.0000
0.0000 0.0000 0.0000 0.0000 0.0000 0.0000 0.0000 0.0001 0.0094 0.2033 0.5812 0.1983 0.0076 0.0000 0.0000 0.0000 0.0000
0.0000 0.0000 0.0000 0.0000 0.0000 0.0000 0.0000 0.0000 0.0001 0.0087 0.1983 0.5860 0.1996 0.0073 0.0000 0.0000 0.0000
0.0000 0.0000 0.0000 0.0000 0.0000 0.0000 0.0000 0.0000 0.0000 0.0000 0.0076 0.1996 0.6014 0.1871 0.0043 0.0000 0.0000
0.0000 0.0000 0.0000 0.0000 0.0000 0.0000 0.0000 0.0000 0.0000 0.0000 0.0000 0.0073 0.1871 0.6262 0.1766 0.0029 0.0000
0.0000 0.0000 0.0000 0.0000 0.0000 0.0000 0.0000 0.0000 0.0000 0.0000 0.0000 0.0000 0.0043 0.1766 0.6606 0.1570 0.0015
0.0000 0.0000 0.0000 0.0000 0.0000 0.0000 0.0000 0.0000 0.0000 0.0000 0.0000 0.0000 0.0000 0.0029 0.1570 0.7006 0.1395
0.0000 0.0000 0.0000 0.0000 0.0000 0.0000 0.0000 0.0000 0.0000 0.0000 0.0000 0.0000 0.0000 0.0000 0.0015 0.1395 0.8590
#DG from neighbouring lambda in kcal/mol
0.0000 0.0625 2.2448 0.0259
0.0625 0.1250 2.1435 0.0260
0.1250 0.1875 1.9968 0.0263
0.1875 0.2500 1.8855 0.0268
0.2500 0.3125 1.8025 0.0270
0.3125 0.3750 1.6511 0.0289
0.3750 0.4375 1.5168 0.0285
0.4375 0.5000 1.3310 0.0295
0.5000 0.5625 1.2314 0.0298
0.5625 0.6250 1.1086 0.0305
0.6250 0.6875 1.0377 0.0313
0.6875 0.7500 1.0422 0.0314
0.7500 0.8125 1.2440 0.0335
0.8125 0.8750 1.4517 0.0356
0.8750 0.9375 1.8535 0.0393
0.9375 1.0000 2.4186 0.0433
#PMF from MBAR in kcal/mol
0.0000 0.0000 0.0000
0.0625 2.2448 0.0259
0.1250 4.3883 0.0432
0.1875 6.3851 0.0557
0.2500 8.2706 0.0660
0.3125 10.0731 0.0751
0.3750 11.7242 0.0839
0.4375 13.2410 0.0918
0.5000 14.5721 0.0995
0.5625 15.8035 0.1066
0.6250 16.9121 0.1136
0.6875 17.9498 0.1204
0.7500 18.9920 0.1268
0.8125 20.2360 0.1335
0.8750 21.6877 0.1405
0.9375 23.5412 0.1482
1.0000 25.9599 0.1566
#TI average gradients and standard deviation in kcal/mol
0.0000 32.4964 17.1910
0.0625 34.9684 17.5500
0.1250 33.2604 17.7929
0.1875 31.2088 18.0258
0.2500 30.1309 18.6850
0.3125 27.5847 18.5548
0.3750 25.2434 18.8939
0.4375 22.7939 19.5333
0.5000 20.6254 19.1117
0.5625 18.7003 20.0151
0.6250 17.1469 19.9621
0.6875 16.3972 20.7227
0.7500 17.0860 21.3077
0.8125 20.0875 21.9021
0.8750 25.2247 23.0439
0.9375 34.2480 24.7985
1.0000 44.9154 26.8849
#PMF from TI in kcal/mol
0.0000 0.0000
0.0625 2.1083
0.1250 4.2404
0.1875 6.2551
0.2500 8.1720
0.3125 9.9756
0.3750 11.6264
0.4375 13.1276
0.5000 14.4845
0.5625 15.7134
0.6250 16.8336
0.6875 17.8819
0.7500 18.9282
0.8125 20.0899
0.8750 21.5059
0.9375 23.3644
1.0000 25.8383
#MBAR free energy difference in kcal/mol: 
25.959883, 0.156591 
#TI free energy difference in kcal/mol: 
25.838274  
