# Analysing data contained in file(s) ['/home/jguven/projects/metalloenzymes/starmap/outputs/with_min/SOMD_2/lig_1~lig_3/bound/lambda_0.0000/simfile.dat', '/home/jguven/projects/metalloenzymes/starmap/outputs/with_min/SOMD_2/lig_1~lig_3/bound/lambda_0.1000/simfile.dat', '/home/jguven/projects/metalloenzymes/starmap/outputs/with_min/SOMD_2/lig_1~lig_3/bound/lambda_0.2000/simfile.dat', '/home/jguven/projects/metalloenzymes/starmap/outputs/with_min/SOMD_2/lig_1~lig_3/bound/lambda_0.3000/simfile.dat', '/home/jguven/projects/metalloenzymes/starmap/outputs/with_min/SOMD_2/lig_1~lig_3/bound/lambda_0.4000/simfile.dat', '/home/jguven/projects/metalloenzymes/starmap/outputs/with_min/SOMD_2/lig_1~lig_3/bound/lambda_0.5000/simfile.dat', '/home/jguven/projects/metalloenzymes/starmap/outputs/with_min/SOMD_2/lig_1~lig_3/bound/lambda_0.6000/simfile.dat', '/home/jguven/projects/metalloenzymes/starmap/outputs/with_min/SOMD_2/lig_1~lig_3/bound/lambda_0.7000/simfile.dat', '/home/jguven/projects/metalloenzymes/starmap/outputs/with_min/SOMD_2/lig_1~lig_3/bound/lambda_0.8000/simfile.dat', '/home/jguven/projects/metalloenzymes/starmap/outputs/with_min/SOMD_2/lig_1~lig_3/bound/lambda_0.9000/simfile.dat', '/home/jguven/projects/metalloenzymes/starmap/outputs/with_min/SOMD_2/lig_1~lig_3/bound/lambda_1.0000/simfile.dat']
#Overlap matrix
0.8807 0.1189 0.0004 0.0000 0.0000 0.0000 0.0000 0.0000 0.0000 0.0000 0.0000
0.1189 0.7522 0.1282 0.0006 0.0000 0.0000 0.0000 0.0000 0.0000 0.0000 0.0000
0.0004 0.1282 0.7311 0.1394 0.0010 0.0000 0.0000 0.0000 0.0000 0.0000 0.0000
0.0000 0.0006 0.1394 0.7100 0.1489 0.0011 0.0000 0.0000 0.0000 0.0000 0.0000
0.0000 0.0000 0.0010 0.1489 0.6996 0.1484 0.0022 0.0000 0.0000 0.0000 0.0000
0.0000 0.0000 0.0000 0.0011 0.1484 0.6797 0.1681 0.0027 0.0000 0.0000 0.0000
0.0000 0.0000 0.0000 0.0000 0.0022 0.1681 0.6534 0.1724 0.0039 0.0000 0.0000
0.0000 0.0000 0.0000 0.0000 0.0000 0.0027 0.1724 0.6314 0.1873 0.0063 0.0000
0.0000 0.0000 0.0000 0.0000 0.0000 0.0000 0.0039 0.1873 0.6086 0.1930 0.0071
0.0000 0.0000 0.0000 0.0000 0.0000 0.0000 0.0000 0.0063 0.1930 0.5863 0.2144
0.0000 0.0000 0.0000 0.0000 0.0000 0.0000 0.0000 0.0000 0.0071 0.2144 0.7785
#DG from neighbouring lambda in kcal/mol
0.0000 0.1000 4.8905 0.0491
0.1000 0.2000 4.6767 0.0465
0.2000 0.3000 4.5317 0.0438
0.3000 0.4000 4.4129 0.0418
0.4000 0.5000 4.1334 0.0416
0.5000 0.6000 4.0211 0.0378
0.6000 0.7000 3.7983 0.0368
0.7000 0.8000 3.5854 0.0340
0.8000 0.9000 3.4269 0.0328
0.9000 1.0000 3.1664 0.0308
#PMF from MBAR in kcal/mol
0.0000 0.0000 0.0000
0.1000 4.8905 0.0491
0.2000 9.5672 0.0729
0.3000 14.0989 0.0892
0.4000 18.5118 0.1021
0.5000 22.6452 0.1135
0.6000 26.6663 0.1225
0.7000 30.4646 0.1305
0.8000 34.0500 0.1374
0.9000 37.4769 0.1435
1.0000 40.6433 0.1489
#TI average gradients and standard deviation in kcal/mol
0.0000 52.0915 17.9317
0.1000 47.6987 16.7908
0.2000 45.9272 16.1503
0.3000 45.8484 15.7570
0.4000 42.7687 14.8737
0.5000 40.1214 14.5967
0.6000 39.4662 14.5059
0.7000 36.7557 13.6625
0.8000 35.8968 12.8143
0.9000 32.9910 12.7930
1.0000 30.8555 12.1784
#PMF from TI in kcal/mol
0.0000 0.0000
0.1000 4.9895
0.2000 9.6708
0.3000 14.2596
0.4000 18.6904
0.5000 22.8349
0.6000 26.8143
0.7000 30.6254
0.8000 34.2580
0.9000 37.7024
1.0000 40.8947
#MBAR free energy difference in kcal/mol: 
40.643334, 0.148922 
#TI free energy difference in kcal/mol: 
40.894743  
