# Analysing data contained in file(s) ['/home/jguven/projects/metalloenzymes/kpc2/outputs/SOMD/lig_11~lig_15/bound/lambda_0.0000/simfile.dat', '/home/jguven/projects/metalloenzymes/kpc2/outputs/SOMD/lig_11~lig_15/bound/lambda_0.1000/simfile.dat', '/home/jguven/projects/metalloenzymes/kpc2/outputs/SOMD/lig_11~lig_15/bound/lambda_0.2000/simfile.dat', '/home/jguven/projects/metalloenzymes/kpc2/outputs/SOMD/lig_11~lig_15/bound/lambda_0.3000/simfile.dat', '/home/jguven/projects/metalloenzymes/kpc2/outputs/SOMD/lig_11~lig_15/bound/lambda_0.4000/simfile.dat', '/home/jguven/projects/metalloenzymes/kpc2/outputs/SOMD/lig_11~lig_15/bound/lambda_0.5000/simfile.dat', '/home/jguven/projects/metalloenzymes/kpc2/outputs/SOMD/lig_11~lig_15/bound/lambda_0.6000/simfile.dat', '/home/jguven/projects/metalloenzymes/kpc2/outputs/SOMD/lig_11~lig_15/bound/lambda_0.7000/simfile.dat', '/home/jguven/projects/metalloenzymes/kpc2/outputs/SOMD/lig_11~lig_15/bound/lambda_0.8000/simfile.dat', '/home/jguven/projects/metalloenzymes/kpc2/outputs/SOMD/lig_11~lig_15/bound/lambda_0.9000/simfile.dat', '/home/jguven/projects/metalloenzymes/kpc2/outputs/SOMD/lig_11~lig_15/bound/lambda_1.0000/simfile.dat']
#Overlap matrix
0.6526 0.2833 0.0594 0.0046 0.0001 0.0000 0.0000 0.0000 0.0000 0.0000 0.0000
0.2833 0.4135 0.2469 0.0525 0.0037 0.0001 0.0000 0.0000 0.0000 0.0000 0.0000
0.0594 0.2469 0.4037 0.2369 0.0488 0.0042 0.0002 0.0000 0.0000 0.0000 0.0000
0.0046 0.0525 0.2369 0.4040 0.2408 0.0563 0.0048 0.0001 0.0000 0.0000 0.0000
0.0001 0.0037 0.0488 0.2408 0.4081 0.2460 0.0494 0.0030 0.0001 0.0000 0.0000
0.0000 0.0001 0.0042 0.0563 0.2460 0.4224 0.2357 0.0338 0.0014 0.0000 0.0000
0.0000 0.0000 0.0002 0.0048 0.0494 0.2357 0.4694 0.2171 0.0228 0.0005 0.0000
0.0000 0.0000 0.0000 0.0001 0.0030 0.0338 0.2171 0.5243 0.2089 0.0127 0.0001
0.0000 0.0000 0.0000 0.0000 0.0001 0.0014 0.0228 0.2089 0.5848 0.1787 0.0033
0.0000 0.0000 0.0000 0.0000 0.0000 0.0000 0.0005 0.0127 0.1787 0.7035 0.1045
0.0000 0.0000 0.0000 0.0000 0.0000 0.0000 0.0000 0.0001 0.0033 0.1045 0.8920
#DG from neighbouring lambda in kcal/mol
0.0000 0.1000 9.9594 0.0190
0.1000 0.2000 9.3880 0.0182
0.2000 0.3000 8.7213 0.0193
0.3000 0.4000 8.0287 0.0188
0.4000 0.5000 7.5066 0.0184
0.5000 0.6000 7.0725 0.0209
0.6000 0.7000 6.6508 0.0249
0.7000 0.8000 6.4267 0.0279
0.8000 0.9000 6.9884 0.0341
0.9000 1.0000 9.2989 0.0518
#PMF from MBAR in kcal/mol
0.0000 0.0000 0.0000
0.1000 9.9594 0.0190
0.2000 19.3474 0.0323
0.3000 28.0687 0.0427
0.4000 36.0974 0.0509
0.5000 43.6039 0.0575
0.6000 50.6765 0.0644
0.7000 57.3272 0.0722
0.8000 63.7539 0.0804
0.9000 70.7423 0.0904
1.0000 80.0412 0.1071
#TI average gradients and standard deviation in kcal/mol
0.0000 99.6074 8.6374
0.1000 95.4471 8.5202
0.2000 92.8672 8.6703
0.3000 83.8645 8.8335
0.4000 75.7914 9.1231
0.5000 73.9805 9.8612
0.6000 68.8443 10.7936
0.7000 64.7207 11.2600
0.8000 65.5800 12.7807
0.9000 77.7009 15.8865
1.0000 110.3874 20.6408
#PMF from TI in kcal/mol
0.0000 0.0000
0.1000 9.7527
0.2000 19.1684
0.3000 28.0050
0.4000 35.9878
0.5000 43.4764
0.6000 50.6177
0.7000 57.2959
0.8000 63.8109
0.9000 70.9750
1.0000 80.3794
#MBAR free energy difference in kcal/mol: 
80.041158, 0.107109 
#TI free energy difference in kcal/mol: 
80.379413  
