# Analysing data contained in file(s) ['/home/jguven/projects/metalloenzymes/kpc2/outputs/SOMD/lig_11~lig_15/bound/lambda_0.0000/simfile.dat', '/home/jguven/projects/metalloenzymes/kpc2/outputs/SOMD/lig_11~lig_15/bound/lambda_0.1000/simfile.dat', '/home/jguven/projects/metalloenzymes/kpc2/outputs/SOMD/lig_11~lig_15/bound/lambda_0.2000/simfile.dat', '/home/jguven/projects/metalloenzymes/kpc2/outputs/SOMD/lig_11~lig_15/bound/lambda_0.3000/simfile.dat', '/home/jguven/projects/metalloenzymes/kpc2/outputs/SOMD/lig_11~lig_15/bound/lambda_0.4000/simfile.dat', '/home/jguven/projects/metalloenzymes/kpc2/outputs/SOMD/lig_11~lig_15/bound/lambda_0.5000/simfile.dat', '/home/jguven/projects/metalloenzymes/kpc2/outputs/SOMD/lig_11~lig_15/bound/lambda_0.6000/simfile.dat', '/home/jguven/projects/metalloenzymes/kpc2/outputs/SOMD/lig_11~lig_15/bound/lambda_0.7000/simfile.dat', '/home/jguven/projects/metalloenzymes/kpc2/outputs/SOMD/lig_11~lig_15/bound/lambda_0.8000/simfile.dat', '/home/jguven/projects/metalloenzymes/kpc2/outputs/SOMD/lig_11~lig_15/bound/lambda_0.9000/simfile.dat', '/home/jguven/projects/metalloenzymes/kpc2/outputs/SOMD/lig_11~lig_15/bound/lambda_1.0000/simfile.dat']
#Overlap matrix
0.8649 0.1332 0.0019 0.0000 0.0000 0.0000 0.0000 0.0000 0.0000 0.0000 0.0000
0.1332 0.6964 0.1665 0.0039 0.0000 0.0000 0.0000 0.0000 0.0000 0.0000 0.0000
0.0019 0.1665 0.6454 0.1805 0.0057 0.0000 0.0000 0.0000 0.0000 0.0000 0.0000
0.0000 0.0039 0.1805 0.6150 0.1944 0.0062 0.0000 0.0000 0.0000 0.0000 0.0000
0.0000 0.0000 0.0057 0.1944 0.6015 0.1896 0.0087 0.0000 0.0000 0.0000 0.0000
0.0000 0.0000 0.0000 0.0062 0.1896 0.5975 0.2018 0.0049 0.0000 0.0000 0.0000
0.0000 0.0000 0.0000 0.0000 0.0087 0.2018 0.6124 0.1735 0.0036 0.0000 0.0000
0.0000 0.0000 0.0000 0.0000 0.0000 0.0049 0.1735 0.6524 0.1678 0.0013 0.0000
0.0000 0.0000 0.0000 0.0000 0.0000 0.0000 0.0036 0.1678 0.7234 0.1049 0.0003
0.0000 0.0000 0.0000 0.0000 0.0000 0.0000 0.0000 0.0013 0.1049 0.8031 0.0907
0.0000 0.0000 0.0000 0.0000 0.0000 0.0000 0.0000 0.0000 0.0003 0.0907 0.9090
#DG from neighbouring lambda in kcal/mol
0.0000 0.1000 -3.2270 0.0450
0.1000 0.2000 -2.6342 0.0378
0.2000 0.3000 -2.4291 0.0350
0.3000 0.4000 -2.4791 0.0327
0.4000 0.5000 -2.6917 0.0330
0.5000 0.6000 -2.7084 0.0316
0.6000 0.7000 -2.8039 0.0363
0.7000 0.8000 -2.5761 0.0377
0.8000 0.9000 -1.9466 0.0527
0.9000 1.0000 -0.6451 0.0581
#PMF from MBAR in kcal/mol
0.0000 0.0000 0.0000
0.1000 -3.2270 0.0450
0.2000 -5.8612 0.0644
0.3000 -8.2903 0.0777
0.4000 -10.7693 0.0881
0.5000 -13.4610 0.0974
0.6000 -16.1694 0.1053
0.7000 -18.9733 0.1143
0.8000 -21.5494 0.1231
0.9000 -23.4960 0.1365
1.0000 -24.1411 0.1508
#TI average gradients and standard deviation in kcal/mol
0.0000 -39.4459 17.9755
0.1000 -29.7897 15.2868
0.2000 -23.1037 13.9132
0.3000 -23.6237 13.3671
0.4000 -25.5508 13.2061
0.5000 -26.8666 12.7707
0.6000 -28.3942 13.1584
0.7000 -28.5955 14.0942
0.8000 -22.5279 16.0799
0.9000 -16.4911 17.8344
1.0000 8.1073 22.5400
#PMF from TI in kcal/mol
0.0000 0.0000
0.1000 -3.4618
0.2000 -6.1064
0.3000 -8.4428
0.4000 -10.9015
0.5000 -13.5224
0.6000 -16.2854
0.7000 -19.1349
0.8000 -21.6911
0.9000 -23.6420
1.0000 -24.0612
#MBAR free energy difference in kcal/mol: 
-24.141099, 0.150773 
#TI free energy difference in kcal/mol: 
-24.061237  
