# Analysing data contained in file(s) ['/home/jguven/projects/metalloenzymes/starmap/outputs/with_min/SOMD_1/lig_1~lig_8/unbound/lambda_0.0000/simfile.dat', '/home/jguven/projects/metalloenzymes/starmap/outputs/with_min/SOMD_1/lig_1~lig_8/unbound/lambda_0.1000/simfile.dat', '/home/jguven/projects/metalloenzymes/starmap/outputs/with_min/SOMD_1/lig_1~lig_8/unbound/lambda_0.2000/simfile.dat', '/home/jguven/projects/metalloenzymes/starmap/outputs/with_min/SOMD_1/lig_1~lig_8/unbound/lambda_0.3000/simfile.dat', '/home/jguven/projects/metalloenzymes/starmap/outputs/with_min/SOMD_1/lig_1~lig_8/unbound/lambda_0.4000/simfile.dat', '/home/jguven/projects/metalloenzymes/starmap/outputs/with_min/SOMD_1/lig_1~lig_8/unbound/lambda_0.5000/simfile.dat', '/home/jguven/projects/metalloenzymes/starmap/outputs/with_min/SOMD_1/lig_1~lig_8/unbound/lambda_0.6000/simfile.dat', '/home/jguven/projects/metalloenzymes/starmap/outputs/with_min/SOMD_1/lig_1~lig_8/unbound/lambda_0.7000/simfile.dat', '/home/jguven/projects/metalloenzymes/starmap/outputs/with_min/SOMD_1/lig_1~lig_8/unbound/lambda_0.8000/simfile.dat', '/home/jguven/projects/metalloenzymes/starmap/outputs/with_min/SOMD_1/lig_1~lig_8/unbound/lambda_0.9000/simfile.dat', '/home/jguven/projects/metalloenzymes/starmap/outputs/with_min/SOMD_1/lig_1~lig_8/unbound/lambda_1.0000/simfile.dat']
#Overlap matrix
0.7886 0.2069 0.0045 0.0000 0.0000 0.0000 0.0000 0.0000 0.0000 0.0000 0.0000
0.2069 0.6444 0.1407 0.0079 0.0001 0.0000 0.0000 0.0000 0.0000 0.0000 0.0000
0.0089 0.2813 0.5023 0.1978 0.0095 0.0001 0.0000 0.0000 0.0000 0.0000 0.0000
0.0001 0.0159 0.1978 0.5685 0.2070 0.0106 0.0001 0.0000 0.0000 0.0000 0.0000
0.0000 0.0001 0.0095 0.2070 0.5613 0.2112 0.0108 0.0001 0.0000 0.0000 0.0000
0.0000 0.0000 0.0001 0.0106 0.2112 0.5578 0.2087 0.0115 0.0001 0.0000 0.0000
0.0000 0.0000 0.0000 0.0001 0.0108 0.2087 0.5589 0.2110 0.0105 0.0001 0.0000
0.0000 0.0000 0.0000 0.0000 0.0001 0.0115 0.2110 0.5646 0.2038 0.0089 0.0000
0.0000 0.0000 0.0000 0.0000 0.0000 0.0001 0.0105 0.2038 0.5861 0.1936 0.0059
0.0000 0.0000 0.0000 0.0000 0.0000 0.0000 0.0001 0.0089 0.1936 0.6232 0.1743
0.0000 0.0000 0.0000 0.0000 0.0000 0.0000 0.0000 0.0000 0.0059 0.1743 0.8198
#DG from neighbouring lambda in kcal/mol
0.0000 0.1000 9.5346 0.0113
0.1000 0.2000 8.7796 0.0129
0.2000 0.3000 8.0419 0.0153
0.3000 0.4000 7.2765 0.0150
0.4000 0.5000 6.5393 0.0147
0.5000 0.6000 5.7783 0.0148
0.6000 0.7000 5.0744 0.0147
0.7000 0.8000 4.4369 0.0153
0.8000 0.9000 3.9697 0.0162
0.9000 1.0000 3.7298 0.0182
#PMF from MBAR in kcal/mol
0.0000 0.0000 0.0000
0.1000 9.5346 0.0113
0.2000 18.3142 0.0194
0.3000 26.3561 0.0274
0.4000 33.6326 0.0336
0.5000 40.1718 0.0387
0.6000 45.9502 0.0432
0.7000 51.0245 0.0472
0.8000 55.4615 0.0511
0.9000 59.4311 0.0550
1.0000 63.1609 0.0593
#TI average gradients and standard deviation in kcal/mol
0.0000 97.0746 13.1182
0.1000 91.5873 12.8966
0.2000 42.1740 43.1164
0.3000 38.2580 39.2884
0.4000 34.5821 35.6657
0.5000 30.8293 32.0210
0.6000 26.9742 28.2983
0.7000 23.7284 25.3021
0.8000 20.7710 22.6466
0.9000 19.1306 21.4450
1.0000 18.3640 21.1083
#PMF from TI in kcal/mol
0.0000 0.0000
0.1000 9.4331
0.2000 16.1212
0.3000 20.1428
0.4000 23.7848
0.5000 27.0553
0.6000 29.9455
0.7000 32.4806
0.8000 34.7056
0.9000 36.7007
1.0000 38.5754
#MBAR free energy difference in kcal/mol: 
63.160929, 0.059326  #WARNING SUBSAMPLING DISABLED, CONSIDER RERUN WITH SUBSAMPLING OPTION
#TI free energy difference in kcal/mol: 
38.575427  #WARNING SUBSAMPLING DISABLED, CONSIDER RERUN WITH SUBSAMPLING OPTION 
