# Analysing data contained in file(s) ['/home/jguven/projects/metalloenzymes/kpc2/outputs/SOMD/lig_15~lig_9/bound/lambda_0.0000/simfile.dat', '/home/jguven/projects/metalloenzymes/kpc2/outputs/SOMD/lig_15~lig_9/bound/lambda_0.0625/simfile.dat', '/home/jguven/projects/metalloenzymes/kpc2/outputs/SOMD/lig_15~lig_9/bound/lambda_0.1250/simfile.dat', '/home/jguven/projects/metalloenzymes/kpc2/outputs/SOMD/lig_15~lig_9/bound/lambda_0.1875/simfile.dat', '/home/jguven/projects/metalloenzymes/kpc2/outputs/SOMD/lig_15~lig_9/bound/lambda_0.2500/simfile.dat', '/home/jguven/projects/metalloenzymes/kpc2/outputs/SOMD/lig_15~lig_9/bound/lambda_0.3125/simfile.dat', '/home/jguven/projects/metalloenzymes/kpc2/outputs/SOMD/lig_15~lig_9/bound/lambda_0.3750/simfile.dat', '/home/jguven/projects/metalloenzymes/kpc2/outputs/SOMD/lig_15~lig_9/bound/lambda_0.4375/simfile.dat', '/home/jguven/projects/metalloenzymes/kpc2/outputs/SOMD/lig_15~lig_9/bound/lambda_0.5000/simfile.dat', '/home/jguven/projects/metalloenzymes/kpc2/outputs/SOMD/lig_15~lig_9/bound/lambda_0.5625/simfile.dat', '/home/jguven/projects/metalloenzymes/kpc2/outputs/SOMD/lig_15~lig_9/bound/lambda_0.6250/simfile.dat', '/home/jguven/projects/metalloenzymes/kpc2/outputs/SOMD/lig_15~lig_9/bound/lambda_0.6875/simfile.dat', '/home/jguven/projects/metalloenzymes/kpc2/outputs/SOMD/lig_15~lig_9/bound/lambda_0.7500/simfile.dat', '/home/jguven/projects/metalloenzymes/kpc2/outputs/SOMD/lig_15~lig_9/bound/lambda_0.8125/simfile.dat', '/home/jguven/projects/metalloenzymes/kpc2/outputs/SOMD/lig_15~lig_9/bound/lambda_0.8750/simfile.dat', '/home/jguven/projects/metalloenzymes/kpc2/outputs/SOMD/lig_15~lig_9/bound/lambda_0.9375/simfile.dat', '/home/jguven/projects/metalloenzymes/kpc2/outputs/SOMD/lig_15~lig_9/bound/lambda_1.0000/simfile.dat']
#Overlap matrix
0.8465 0.1504 0.0030 0.0000 0.0000 0.0000 0.0000 0.0000 0.0000 0.0000 0.0000 0.0000 0.0000 0.0000 0.0000 0.0000 0.0000
0.1504 0.6564 0.1833 0.0097 0.0001 0.0000 0.0000 0.0000 0.0000 0.0000 0.0000 0.0000 0.0000 0.0000 0.0000 0.0000 0.0000
0.0030 0.1833 0.5878 0.2131 0.0125 0.0002 0.0000 0.0000 0.0000 0.0000 0.0000 0.0000 0.0000 0.0000 0.0000 0.0000 0.0000
0.0000 0.0097 0.2131 0.5495 0.2103 0.0170 0.0003 0.0000 0.0000 0.0000 0.0000 0.0000 0.0000 0.0000 0.0000 0.0000 0.0000
0.0000 0.0001 0.0125 0.2103 0.5372 0.2187 0.0207 0.0005 0.0000 0.0000 0.0000 0.0000 0.0000 0.0000 0.0000 0.0000 0.0000
0.0000 0.0000 0.0002 0.0170 0.2187 0.5126 0.2279 0.0230 0.0007 0.0000 0.0000 0.0000 0.0000 0.0000 0.0000 0.0000 0.0000
0.0000 0.0000 0.0000 0.0003 0.0207 0.2279 0.4919 0.2305 0.0279 0.0008 0.0000 0.0000 0.0000 0.0000 0.0000 0.0000 0.0000
0.0000 0.0000 0.0000 0.0000 0.0005 0.0230 0.2305 0.4780 0.2404 0.0269 0.0006 0.0000 0.0000 0.0000 0.0000 0.0000 0.0000
0.0000 0.0000 0.0000 0.0000 0.0000 0.0007 0.0279 0.2404 0.4826 0.2247 0.0231 0.0006 0.0000 0.0000 0.0000 0.0000 0.0000
0.0000 0.0000 0.0000 0.0000 0.0000 0.0000 0.0008 0.0269 0.2247 0.4866 0.2358 0.0246 0.0006 0.0000 0.0000 0.0000 0.0000
0.0000 0.0000 0.0000 0.0000 0.0000 0.0000 0.0000 0.0006 0.0231 0.2358 0.4915 0.2258 0.0228 0.0004 0.0000 0.0000 0.0000
0.0000 0.0000 0.0000 0.0000 0.0000 0.0000 0.0000 0.0000 0.0006 0.0246 0.2258 0.5016 0.2281 0.0191 0.0003 0.0000 0.0000
0.0000 0.0000 0.0000 0.0000 0.0000 0.0000 0.0000 0.0000 0.0000 0.0006 0.0228 0.2281 0.5141 0.2201 0.0143 0.0002 0.0000
0.0000 0.0000 0.0000 0.0000 0.0000 0.0000 0.0000 0.0000 0.0000 0.0000 0.0004 0.0191 0.2201 0.5371 0.2113 0.0119 0.0001
0.0000 0.0000 0.0000 0.0000 0.0000 0.0000 0.0000 0.0000 0.0000 0.0000 0.0000 0.0003 0.0143 0.2113 0.5682 0.1992 0.0067
0.0000 0.0000 0.0000 0.0000 0.0000 0.0000 0.0000 0.0000 0.0000 0.0000 0.0000 0.0000 0.0002 0.0119 0.1992 0.6047 0.1840
0.0000 0.0000 0.0000 0.0000 0.0000 0.0000 0.0000 0.0000 0.0000 0.0000 0.0000 0.0000 0.0000 0.0001 0.0067 0.1840 0.8092
#DG from neighbouring lambda in kcal/mol
0.0000 0.0625 0.3944 0.0454
0.0625 0.1250 1.2574 0.0377
0.1250 0.1875 2.0717 0.0322
0.1875 0.2500 2.4314 0.0316
0.2500 0.3125 2.6717 0.0297
0.3125 0.3750 2.8011 0.0280
0.3750 0.4375 2.8453 0.0270
0.4375 0.5000 2.9286 0.0256
0.5000 0.5625 2.9585 0.0277
0.5625 0.6250 2.9275 0.0267
0.6250 0.6875 3.0038 0.0279
0.6875 0.7500 3.1550 0.0282
0.7500 0.8125 3.3720 0.0300
0.8125 0.8750 3.6678 0.0319
0.8750 0.9375 4.1348 0.0345
0.9375 1.0000 4.6661 0.0385
#PMF from MBAR in kcal/mol
0.0000 0.0000 0.0000
0.0625 0.3944 0.0454
0.1250 1.6519 0.0656
0.1875 3.7236 0.0778
0.2500 6.1550 0.0882
0.3125 8.8267 0.0965
0.3750 11.6278 0.1037
0.4375 14.4731 0.1100
0.5000 17.4017 0.1156
0.5625 20.3602 0.1215
0.6250 23.2876 0.1269
0.6875 26.2914 0.1323
0.7500 29.4465 0.1376
0.8125 32.8185 0.1432
0.8750 36.4863 0.1491
0.9375 40.6212 0.1553
1.0000 45.2873 0.1624
#TI average gradients and standard deviation in kcal/mol
0.0000 -2.2624 24.0130
0.0625 11.8111 22.5308
0.1250 25.1023 20.7197
0.1875 38.8324 20.3812
0.2500 42.0448 18.3299
0.3125 44.2049 17.9114
0.3750 45.2295 16.7144
0.4375 45.0076 17.2244
0.5000 47.8616 17.5210
0.5625 45.8987 17.3916
0.6250 48.8155 17.6920
0.6875 49.5335 16.6720
0.7500 52.8506 18.1190
0.8125 54.6134 20.0881
0.8750 61.6409 18.9311
0.9375 69.1879 22.1744
1.0000 84.4533 22.4348
#PMF from TI in kcal/mol
0.0000 0.0000
0.0625 0.2984
0.1250 1.4519
0.1875 3.4499
0.2500 5.9773
0.3125 8.6726
0.3750 11.4674
0.4375 14.2874
0.5000 17.1895
0.5625 20.1195
0.6250 23.0793
0.6875 26.1528
0.7500 29.3523
0.8125 32.7105
0.8750 36.3435
0.9375 40.4319
1.0000 45.2331
#MBAR free energy difference in kcal/mol: 
45.287308, 0.162407 
#TI free energy difference in kcal/mol: 
45.233138  
