# Analysing data contained in file(s) ['/home/jguven/projects/metalloenzymes/kpc2/outputs/SOMD/lig_15~lig_9/bound/lambda_0.0000/simfile.dat', '/home/jguven/projects/metalloenzymes/kpc2/outputs/SOMD/lig_15~lig_9/bound/lambda_0.0625/simfile.dat', '/home/jguven/projects/metalloenzymes/kpc2/outputs/SOMD/lig_15~lig_9/bound/lambda_0.1250/simfile.dat', '/home/jguven/projects/metalloenzymes/kpc2/outputs/SOMD/lig_15~lig_9/bound/lambda_0.1875/simfile.dat', '/home/jguven/projects/metalloenzymes/kpc2/outputs/SOMD/lig_15~lig_9/bound/lambda_0.2500/simfile.dat', '/home/jguven/projects/metalloenzymes/kpc2/outputs/SOMD/lig_15~lig_9/bound/lambda_0.3125/simfile.dat', '/home/jguven/projects/metalloenzymes/kpc2/outputs/SOMD/lig_15~lig_9/bound/lambda_0.3750/simfile.dat', '/home/jguven/projects/metalloenzymes/kpc2/outputs/SOMD/lig_15~lig_9/bound/lambda_0.4375/simfile.dat', '/home/jguven/projects/metalloenzymes/kpc2/outputs/SOMD/lig_15~lig_9/bound/lambda_0.5000/simfile.dat', '/home/jguven/projects/metalloenzymes/kpc2/outputs/SOMD/lig_15~lig_9/bound/lambda_0.5625/simfile.dat', '/home/jguven/projects/metalloenzymes/kpc2/outputs/SOMD/lig_15~lig_9/bound/lambda_0.6250/simfile.dat', '/home/jguven/projects/metalloenzymes/kpc2/outputs/SOMD/lig_15~lig_9/bound/lambda_0.6875/simfile.dat', '/home/jguven/projects/metalloenzymes/kpc2/outputs/SOMD/lig_15~lig_9/bound/lambda_0.7500/simfile.dat', '/home/jguven/projects/metalloenzymes/kpc2/outputs/SOMD/lig_15~lig_9/bound/lambda_0.8125/simfile.dat', '/home/jguven/projects/metalloenzymes/kpc2/outputs/SOMD/lig_15~lig_9/bound/lambda_0.8750/simfile.dat', '/home/jguven/projects/metalloenzymes/kpc2/outputs/SOMD/lig_15~lig_9/bound/lambda_0.9375/simfile.dat', '/home/jguven/projects/metalloenzymes/kpc2/outputs/SOMD/lig_15~lig_9/bound/lambda_1.0000/simfile.dat']
#Overlap matrix
0.7451 0.2210 0.0306 0.0030 0.0002 0.0000 0.0000 0.0000 0.0000 0.0000 0.0000 0.0000 0.0000 0.0000 0.0000 0.0000 0.0000
0.2210 0.4841 0.2421 0.0470 0.0050 0.0006 0.0001 0.0000 0.0000 0.0000 0.0000 0.0000 0.0000 0.0000 0.0000 0.0000 0.0000
0.0306 0.2421 0.4390 0.2305 0.0470 0.0081 0.0018 0.0006 0.0002 0.0000 0.0000 0.0000 0.0000 0.0000 0.0000 0.0000 0.0000
0.0030 0.0470 0.2305 0.3995 0.2237 0.0698 0.0188 0.0056 0.0013 0.0002 0.0001 0.0001 0.0002 0.0001 0.0001 0.0000 0.0000
0.0002 0.0050 0.0470 0.2237 0.3610 0.2409 0.0910 0.0246 0.0045 0.0008 0.0003 0.0003 0.0003 0.0002 0.0001 0.0000 0.0000
0.0000 0.0006 0.0081 0.0698 0.2409 0.3567 0.2422 0.0682 0.0102 0.0016 0.0006 0.0005 0.0003 0.0002 0.0001 0.0000 0.0000
0.0000 0.0001 0.0018 0.0188 0.0910 0.2422 0.3990 0.2081 0.0312 0.0045 0.0014 0.0009 0.0005 0.0002 0.0001 0.0000 0.0000
0.0000 0.0000 0.0006 0.0056 0.0246 0.0682 0.2081 0.4545 0.1915 0.0330 0.0080 0.0034 0.0016 0.0006 0.0002 0.0000 0.0000
0.0000 0.0000 0.0002 0.0013 0.0045 0.0102 0.0312 0.1915 0.4664 0.2242 0.0535 0.0124 0.0035 0.0010 0.0002 0.0000 0.0000
0.0000 0.0000 0.0000 0.0002 0.0008 0.0016 0.0045 0.0330 0.2242 0.4560 0.2330 0.0394 0.0059 0.0010 0.0002 0.0000 0.0000
0.0000 0.0000 0.0000 0.0001 0.0003 0.0006 0.0014 0.0080 0.0535 0.2330 0.4744 0.1993 0.0260 0.0029 0.0004 0.0000 0.0000
0.0000 0.0000 0.0000 0.0001 0.0003 0.0005 0.0009 0.0034 0.0124 0.0394 0.1993 0.5135 0.2021 0.0251 0.0027 0.0003 0.0000
0.0000 0.0000 0.0000 0.0002 0.0003 0.0003 0.0005 0.0016 0.0035 0.0059 0.0260 0.2021 0.5129 0.2130 0.0308 0.0027 0.0002
0.0000 0.0000 0.0000 0.0001 0.0002 0.0002 0.0002 0.0006 0.0010 0.0010 0.0029 0.0251 0.2130 0.4982 0.2250 0.0300 0.0024
0.0000 0.0000 0.0000 0.0001 0.0001 0.0001 0.0001 0.0002 0.0002 0.0002 0.0004 0.0027 0.0308 0.2250 0.4905 0.2187 0.0310
0.0000 0.0000 0.0000 0.0000 0.0000 0.0000 0.0000 0.0000 0.0000 0.0000 0.0000 0.0003 0.0027 0.0300 0.2187 0.4987 0.2493
0.0000 0.0000 0.0000 0.0000 0.0000 0.0000 0.0000 0.0000 0.0000 0.0000 0.0000 0.0000 0.0002 0.0024 0.0310 0.2493 0.7170
#DG from neighbouring lambda in kcal/mol
0.0000 0.0625 -2.8260 0.0303
0.0625 0.1250 -1.4272 0.0233
0.1250 0.1875 -0.8773 0.0224
0.1875 0.2500 -0.9253 0.0201
0.2500 0.3125 -0.9822 0.0155
0.3125 0.3750 -0.8379 0.0158
0.3750 0.4375 -0.5543 0.0221
0.4375 0.5000 -0.9284 0.0270
0.5000 0.5625 -1.3520 0.0226
0.5625 0.6250 -1.0199 0.0216
0.6250 0.6875 -0.5521 0.0269
0.6875 0.7500 -0.4189 0.0287
0.7500 0.8125 -0.5240 0.0277
0.8125 0.8750 -0.6143 0.0263
0.8750 0.9375 -0.7769 0.0273
0.9375 1.0000 -0.9643 0.0271
#PMF from MBAR in kcal/mol
0.0000 0.0000 0.0000
0.0625 -2.8260 0.0303
0.1250 -4.2532 0.0447
0.1875 -5.1304 0.0546
0.2500 -6.0557 0.0621
0.3125 -7.0379 0.0668
0.3750 -7.8758 0.0704
0.4375 -8.4301 0.0753
0.5000 -9.3584 0.0823
0.5625 -10.7104 0.0875
0.6250 -11.7303 0.0913
0.6875 -12.2825 0.0961
0.7500 -12.7014 0.1017
0.8125 -13.2253 0.1075
0.8750 -13.8396 0.1128
0.9375 -14.6165 0.1183
1.0000 -15.5807 0.1236
#TI average gradients and standard deviation in kcal/mol
0.0000 -68.0999 23.2543
0.0625 -33.2390 20.8165
0.1250 -16.2901 16.4320
0.1875 -12.8925 14.6070
0.2500 -18.0328 15.7484
0.3125 -15.4932 10.4215
0.3750 -11.1548 14.8559
0.4375 -8.6854 17.4850
0.5000 -17.8337 16.9123
0.5625 -24.6593 11.9434
0.6250 -11.1398 16.3238
0.6875 -10.0197 17.9676
0.7500 -10.3283 14.1737
0.8125 -8.0116 20.9149
0.8750 -11.6198 18.2540
0.9375 -17.1269 16.0446
1.0000 -14.0125 15.6003
#PMF from TI in kcal/mol
0.0000 0.0000
0.0625 -3.1668
0.1250 -4.7146
0.1875 -5.6266
0.2500 -6.5930
0.3125 -7.6407
0.3750 -8.4734
0.4375 -9.0934
0.5000 -9.9222
0.5625 -11.2501
0.6250 -12.3688
0.6875 -13.0300
0.7500 -13.6659
0.8125 -14.2390
0.8750 -14.8525
0.9375 -15.7508
1.0000 -16.7239
#MBAR free energy difference in kcal/mol: 
-15.580746, 0.123645 
#TI free energy difference in kcal/mol: 
-16.723945  
