# Analysing data contained in file(s) ['/home/jguven/projects/metalloenzymes/kpc2/outputs/SOMD/lig_6~lig_8/unbound/lambda_0.0000/simfile.dat', '/home/jguven/projects/metalloenzymes/kpc2/outputs/SOMD/lig_6~lig_8/unbound/lambda_0.1000/simfile.dat', '/home/jguven/projects/metalloenzymes/kpc2/outputs/SOMD/lig_6~lig_8/unbound/lambda_0.2000/simfile.dat', '/home/jguven/projects/metalloenzymes/kpc2/outputs/SOMD/lig_6~lig_8/unbound/lambda_0.3000/simfile.dat', '/home/jguven/projects/metalloenzymes/kpc2/outputs/SOMD/lig_6~lig_8/unbound/lambda_0.4000/simfile.dat', '/home/jguven/projects/metalloenzymes/kpc2/outputs/SOMD/lig_6~lig_8/unbound/lambda_0.5000/simfile.dat', '/home/jguven/projects/metalloenzymes/kpc2/outputs/SOMD/lig_6~lig_8/unbound/lambda_0.6000/simfile.dat', '/home/jguven/projects/metalloenzymes/kpc2/outputs/SOMD/lig_6~lig_8/unbound/lambda_0.7000/simfile.dat', '/home/jguven/projects/metalloenzymes/kpc2/outputs/SOMD/lig_6~lig_8/unbound/lambda_0.8000/simfile.dat', '/home/jguven/projects/metalloenzymes/kpc2/outputs/SOMD/lig_6~lig_8/unbound/lambda_0.9000/simfile.dat', '/home/jguven/projects/metalloenzymes/kpc2/outputs/SOMD/lig_6~lig_8/unbound/lambda_1.0000/simfile.dat']
#Overlap matrix
0.7913 0.1953 0.0131 0.0003 0.0000 0.0000 0.0000 0.0000 0.0000 0.0000 0.0000
0.1953 0.5673 0.2188 0.0181 0.0004 0.0000 0.0000 0.0000 0.0000 0.0000 0.0000
0.0131 0.2188 0.5225 0.2217 0.0233 0.0007 0.0000 0.0000 0.0000 0.0000 0.0000
0.0003 0.0181 0.2217 0.4990 0.2340 0.0264 0.0006 0.0000 0.0000 0.0000 0.0000
0.0000 0.0004 0.0233 0.2340 0.4879 0.2315 0.0224 0.0005 0.0000 0.0000 0.0000
0.0000 0.0000 0.0007 0.0264 0.2315 0.4920 0.2262 0.0228 0.0006 0.0000 0.0000
0.0000 0.0000 0.0000 0.0006 0.0224 0.2262 0.4953 0.2303 0.0247 0.0006 0.0000
0.0000 0.0000 0.0000 0.0000 0.0005 0.0228 0.2303 0.4898 0.2318 0.0244 0.0005
0.0000 0.0000 0.0000 0.0000 0.0000 0.0006 0.0247 0.2318 0.4957 0.2262 0.0211
0.0000 0.0000 0.0000 0.0000 0.0000 0.0000 0.0006 0.0244 0.2262 0.5053 0.2435
0.0000 0.0000 0.0000 0.0000 0.0000 0.0000 0.0000 0.0005 0.0211 0.2435 0.7349
#DG from neighbouring lambda in kcal/mol
0.0000 0.1000 2.9378 0.0318
0.1000 0.2000 3.5651 0.0270
0.2000 0.3000 3.9330 0.0257
0.3000 0.4000 4.2014 0.0238
0.4000 0.5000 4.4208 0.0241
0.5000 0.6000 4.5299 0.0249
0.6000 0.7000 4.6756 0.0243
0.7000 0.8000 4.9311 0.0241
0.8000 0.9000 5.2360 0.0249
0.9000 1.0000 5.5233 0.0255
#PMF from MBAR in kcal/mol
0.0000 0.0000 0.0000
0.1000 2.9378 0.0318
0.2000 6.5029 0.0478
0.3000 10.4358 0.0589
0.4000 14.6372 0.0673
0.5000 19.0580 0.0748
0.6000 23.5880 0.0820
0.7000 28.2636 0.0885
0.8000 33.1946 0.0943
0.9000 38.4307 0.1001
1.0000 43.9540 0.1058
#TI average gradients and standard deviation in kcal/mol
0.0000 25.9159 14.2170
0.1000 33.2781 12.2645
0.2000 38.1527 11.2843
0.3000 41.3411 10.6954
0.4000 43.7073 10.5584
0.5000 45.0487 10.8553
0.6000 46.2607 10.8130
0.7000 48.4609 10.7562
0.8000 50.6631 10.9216
0.9000 53.9398 10.7503
1.0000 58.3926 11.0850
#PMF from TI in kcal/mol
0.0000 0.0000
0.1000 2.9597
0.2000 6.5312
0.3000 10.5059
0.4000 14.7584
0.5000 19.1962
0.6000 23.7616
0.7000 28.4977
0.8000 33.4539
0.9000 38.6841
1.0000 44.3007
#MBAR free energy difference in kcal/mol: 
43.953958, 0.105757 
#TI free energy difference in kcal/mol: 
44.300674  
