# Analysing data contained in file(s) ['/home/jguven/projects/metalloenzymes/kpc2/outputs/SOMD/lig_6~lig_8/unbound/lambda_0.0000/simfile.dat', '/home/jguven/projects/metalloenzymes/kpc2/outputs/SOMD/lig_6~lig_8/unbound/lambda_0.1000/simfile.dat', '/home/jguven/projects/metalloenzymes/kpc2/outputs/SOMD/lig_6~lig_8/unbound/lambda_0.2000/simfile.dat', '/home/jguven/projects/metalloenzymes/kpc2/outputs/SOMD/lig_6~lig_8/unbound/lambda_0.3000/simfile.dat', '/home/jguven/projects/metalloenzymes/kpc2/outputs/SOMD/lig_6~lig_8/unbound/lambda_0.4000/simfile.dat', '/home/jguven/projects/metalloenzymes/kpc2/outputs/SOMD/lig_6~lig_8/unbound/lambda_0.5000/simfile.dat', '/home/jguven/projects/metalloenzymes/kpc2/outputs/SOMD/lig_6~lig_8/unbound/lambda_0.6000/simfile.dat', '/home/jguven/projects/metalloenzymes/kpc2/outputs/SOMD/lig_6~lig_8/unbound/lambda_0.7000/simfile.dat', '/home/jguven/projects/metalloenzymes/kpc2/outputs/SOMD/lig_6~lig_8/unbound/lambda_0.8000/simfile.dat', '/home/jguven/projects/metalloenzymes/kpc2/outputs/SOMD/lig_6~lig_8/unbound/lambda_0.9000/simfile.dat', '/home/jguven/projects/metalloenzymes/kpc2/outputs/SOMD/lig_6~lig_8/unbound/lambda_1.0000/simfile.dat']
#Overlap matrix
0.8634 0.1326 0.0040 0.0001 0.0000 0.0000 0.0000 0.0000 0.0000 0.0000 0.0000
0.1326 0.6729 0.1808 0.0131 0.0006 0.0000 0.0000 0.0000 0.0000 0.0000 0.0000
0.0040 0.1808 0.5667 0.2189 0.0281 0.0016 0.0000 0.0000 0.0000 0.0000 0.0000
0.0001 0.0131 0.2189 0.4896 0.2371 0.0390 0.0022 0.0000 0.0000 0.0000 0.0000
0.0000 0.0006 0.0281 0.2371 0.4497 0.2414 0.0407 0.0023 0.0000 0.0000 0.0000
0.0000 0.0000 0.0016 0.0390 0.2414 0.4316 0.2423 0.0421 0.0019 0.0000 0.0000
0.0000 0.0000 0.0000 0.0022 0.0407 0.2423 0.4392 0.2376 0.0363 0.0016 0.0000
0.0000 0.0000 0.0000 0.0000 0.0023 0.0421 0.2376 0.4418 0.2389 0.0359 0.0013
0.0000 0.0000 0.0000 0.0000 0.0000 0.0019 0.0363 0.2389 0.4514 0.2392 0.0323
0.0000 0.0000 0.0000 0.0000 0.0000 0.0000 0.0016 0.0359 0.2392 0.4661 0.2572
0.0000 0.0000 0.0000 0.0000 0.0000 0.0000 0.0000 0.0013 0.0323 0.2572 0.7091
#DG from neighbouring lambda in kcal/mol
0.0000 0.1000 0.5413 0.0434
0.1000 0.2000 1.7259 0.0329
0.2000 0.3000 2.3093 0.0257
0.3000 0.4000 2.6544 0.0218
0.4000 0.5000 2.7738 0.0204
0.5000 0.6000 2.7399 0.0201
0.6000 0.7000 2.6950 0.0208
0.7000 0.8000 2.5999 0.0212
0.8000 0.9000 2.5519 0.0216
0.9000 1.0000 2.5124 0.0229
#PMF from MBAR in kcal/mol
0.0000 0.0000 0.0000
0.1000 0.5413 0.0434
0.2000 2.2672 0.0597
0.3000 4.5765 0.0689
0.4000 7.2309 0.0753
0.5000 10.0047 0.0807
0.6000 12.7447 0.0856
0.7000 15.4397 0.0904
0.8000 18.0396 0.0953
0.9000 20.5915 0.0999
1.0000 23.1039 0.1047
#TI average gradients and standard deviation in kcal/mol
0.0000 -2.0229 18.8244
0.1000 12.6403 15.3983
0.2000 20.4750 12.5528
0.3000 25.3122 10.5847
0.4000 27.4421 9.5153
0.5000 27.8278 9.5566
0.6000 27.2329 9.4120
0.7000 26.4039 9.8544
0.8000 25.9866 9.9205
0.9000 25.0005 10.1181
1.0000 27.9264 10.4330
#PMF from TI in kcal/mol
0.0000 0.0000
0.1000 0.5309
0.2000 2.1866
0.3000 4.4760
0.4000 7.1137
0.5000 9.8772
0.6000 12.6302
0.7000 15.3121
0.8000 17.9316
0.9000 20.4810
1.0000 23.1273
#MBAR free energy difference in kcal/mol: 
23.103892, 0.104700 
#TI free energy difference in kcal/mol: 
23.127306  
