# Analysing data contained in file(s) ['/home/jguven/projects/metalloenzymes/kpc2/outputs/SOMD/lig_1~lig_4/unbound/lambda_0.0000/simfile.dat', '/home/jguven/projects/metalloenzymes/kpc2/outputs/SOMD/lig_1~lig_4/unbound/lambda_0.1000/simfile.dat', '/home/jguven/projects/metalloenzymes/kpc2/outputs/SOMD/lig_1~lig_4/unbound/lambda_0.2000/simfile.dat', '/home/jguven/projects/metalloenzymes/kpc2/outputs/SOMD/lig_1~lig_4/unbound/lambda_0.3000/simfile.dat', '/home/jguven/projects/metalloenzymes/kpc2/outputs/SOMD/lig_1~lig_4/unbound/lambda_0.4000/simfile.dat', '/home/jguven/projects/metalloenzymes/kpc2/outputs/SOMD/lig_1~lig_4/unbound/lambda_0.5000/simfile.dat', '/home/jguven/projects/metalloenzymes/kpc2/outputs/SOMD/lig_1~lig_4/unbound/lambda_0.6000/simfile.dat', '/home/jguven/projects/metalloenzymes/kpc2/outputs/SOMD/lig_1~lig_4/unbound/lambda_0.7000/simfile.dat', '/home/jguven/projects/metalloenzymes/kpc2/outputs/SOMD/lig_1~lig_4/unbound/lambda_0.8000/simfile.dat', '/home/jguven/projects/metalloenzymes/kpc2/outputs/SOMD/lig_1~lig_4/unbound/lambda_0.9000/simfile.dat', '/home/jguven/projects/metalloenzymes/kpc2/outputs/SOMD/lig_1~lig_4/unbound/lambda_1.0000/simfile.dat']
#Overlap matrix
0.7869 0.2035 0.0095 0.0001 0.0000 0.0000 0.0000 0.0000 0.0000 0.0000 0.0000
0.2035 0.5757 0.2096 0.0111 0.0001 0.0000 0.0000 0.0000 0.0000 0.0000 0.0000
0.0095 0.2096 0.5553 0.2121 0.0134 0.0002 0.0000 0.0000 0.0000 0.0000 0.0000
0.0001 0.0111 0.2121 0.5449 0.2160 0.0156 0.0003 0.0000 0.0000 0.0000 0.0000
0.0000 0.0001 0.0134 0.2160 0.5303 0.2201 0.0196 0.0004 0.0000 0.0000 0.0000
0.0000 0.0000 0.0002 0.0156 0.2201 0.5120 0.2305 0.0211 0.0005 0.0000 0.0000
0.0000 0.0000 0.0000 0.0003 0.0196 0.2305 0.5005 0.2242 0.0242 0.0008 0.0000
0.0000 0.0000 0.0000 0.0000 0.0004 0.0211 0.2242 0.4897 0.2360 0.0278 0.0008
0.0000 0.0000 0.0000 0.0000 0.0000 0.0005 0.0242 0.2360 0.4953 0.2244 0.0195
0.0000 0.0000 0.0000 0.0000 0.0000 0.0000 0.0008 0.0278 0.2244 0.5337 0.2133
0.0000 0.0000 0.0000 0.0000 0.0000 0.0000 0.0000 0.0008 0.0195 0.2133 0.7664
#DG from neighbouring lambda in kcal/mol
0.0000 0.1000 5.9716 0.0291
0.1000 0.2000 5.8518 0.0272
0.2000 0.3000 5.6915 0.0265
0.3000 0.4000 5.5145 0.0256
0.4000 0.5000 5.3095 0.0246
0.5000 0.6000 5.1321 0.0232
0.6000 0.7000 4.9244 0.0233
0.7000 0.8000 4.8316 0.0218
0.8000 0.9000 4.9859 0.0232
0.9000 1.0000 5.3782 0.0269
#PMF from MBAR in kcal/mol
0.0000 0.0000 0.0000
0.1000 5.9716 0.0291
0.2000 11.8234 0.0457
0.3000 17.5150 0.0573
0.4000 23.0294 0.0665
0.5000 28.3390 0.0742
0.6000 33.4711 0.0806
0.7000 38.3955 0.0865
0.8000 43.2272 0.0916
0.9000 48.2131 0.0966
1.0000 53.5912 0.1024
#TI average gradients and standard deviation in kcal/mol
0.0000 59.0916 12.9611
0.1000 58.9050 12.4147
0.2000 57.6975 12.0594
0.3000 55.6971 11.6958
0.4000 53.9326 11.5518
0.5000 51.8178 11.0480
0.6000 50.1112 10.5478
0.7000 48.5955 10.5857
0.8000 48.9565 10.6306
0.9000 51.1758 11.2879
1.0000 56.6234 12.8919
#PMF from TI in kcal/mol
0.0000 0.0000
0.1000 5.8998
0.2000 11.7300
0.3000 17.3997
0.4000 22.8812
0.5000 28.1687
0.6000 33.2651
0.7000 38.2005
0.8000 43.0781
0.9000 48.0847
1.0000 53.4746
#MBAR free energy difference in kcal/mol: 
53.591226, 0.102400 
#TI free energy difference in kcal/mol: 
53.474641  
