# Analysing data contained in file(s) ['/home/jguven/projects/metalloenzymes/kpc2/outputs/SOMD/lig_1~lig_4/unbound/lambda_0.0000/simfile.dat', '/home/jguven/projects/metalloenzymes/kpc2/outputs/SOMD/lig_1~lig_4/unbound/lambda_0.1000/simfile.dat', '/home/jguven/projects/metalloenzymes/kpc2/outputs/SOMD/lig_1~lig_4/unbound/lambda_0.2000/simfile.dat', '/home/jguven/projects/metalloenzymes/kpc2/outputs/SOMD/lig_1~lig_4/unbound/lambda_0.3000/simfile.dat', '/home/jguven/projects/metalloenzymes/kpc2/outputs/SOMD/lig_1~lig_4/unbound/lambda_0.4000/simfile.dat', '/home/jguven/projects/metalloenzymes/kpc2/outputs/SOMD/lig_1~lig_4/unbound/lambda_0.5000/simfile.dat', '/home/jguven/projects/metalloenzymes/kpc2/outputs/SOMD/lig_1~lig_4/unbound/lambda_0.6000/simfile.dat', '/home/jguven/projects/metalloenzymes/kpc2/outputs/SOMD/lig_1~lig_4/unbound/lambda_0.7000/simfile.dat', '/home/jguven/projects/metalloenzymes/kpc2/outputs/SOMD/lig_1~lig_4/unbound/lambda_0.8000/simfile.dat', '/home/jguven/projects/metalloenzymes/kpc2/outputs/SOMD/lig_1~lig_4/unbound/lambda_0.9000/simfile.dat', '/home/jguven/projects/metalloenzymes/kpc2/outputs/SOMD/lig_1~lig_4/unbound/lambda_1.0000/simfile.dat']
#Overlap matrix
0.8471 0.1503 0.0025 0.0000 0.0000 0.0000 0.0000 0.0000 0.0000 0.0000 0.0000
0.1503 0.6746 0.1712 0.0039 0.0000 0.0000 0.0000 0.0000 0.0000 0.0000 0.0000
0.0025 0.1712 0.6374 0.1830 0.0059 0.0000 0.0000 0.0000 0.0000 0.0000 0.0000
0.0000 0.0039 0.1830 0.6161 0.1913 0.0057 0.0000 0.0000 0.0000 0.0000 0.0000
0.0000 0.0000 0.0059 0.1913 0.6002 0.1943 0.0083 0.0001 0.0000 0.0000 0.0000
0.0000 0.0000 0.0000 0.0057 0.1943 0.5776 0.2108 0.0115 0.0001 0.0000 0.0000
0.0000 0.0000 0.0000 0.0000 0.0083 0.2108 0.5610 0.2076 0.0122 0.0001 0.0000
0.0000 0.0000 0.0000 0.0000 0.0001 0.0115 0.2076 0.5509 0.2162 0.0136 0.0002
0.0000 0.0000 0.0000 0.0000 0.0000 0.0001 0.0122 0.2162 0.5384 0.2151 0.0180
0.0000 0.0000 0.0000 0.0000 0.0000 0.0000 0.0001 0.0136 0.2151 0.5254 0.2457
0.0000 0.0000 0.0000 0.0000 0.0000 0.0000 0.0000 0.0002 0.0180 0.2457 0.7361
#DG from neighbouring lambda in kcal/mol
0.0000 0.1000 2.1768 0.0451
0.1000 0.2000 2.7542 0.0403
0.2000 0.3000 2.8714 0.0378
0.3000 0.4000 2.8304 0.0362
0.4000 0.5000 2.5490 0.0354
0.5000 0.6000 2.3447 0.0324
0.6000 0.7000 2.2081 0.0324
0.7000 0.8000 1.9648 0.0310
0.8000 0.9000 1.6684 0.0305
0.9000 1.0000 1.5143 0.0284
#PMF from MBAR in kcal/mol
0.0000 0.0000 0.0000
0.1000 2.1768 0.0451
0.2000 4.9310 0.0668
0.3000 7.8024 0.0818
0.4000 10.6328 0.0936
0.5000 13.1818 0.1039
0.6000 15.5265 0.1122
0.7000 17.7346 0.1197
0.8000 19.6994 0.1265
0.9000 21.3677 0.1327
1.0000 22.8821 0.1381
#TI average gradients and standard deviation in kcal/mol
0.0000 16.5149 16.4097
0.1000 25.8734 14.6157
0.2000 29.1176 13.8611
0.3000 28.8370 13.1782
0.4000 27.4473 12.8860
0.5000 24.9743 12.5910
0.6000 23.2043 12.2503
0.7000 20.7239 11.7550
0.8000 18.4399 11.4984
0.9000 15.7223 11.4069
1.0000 16.2530 10.8750
#PMF from TI in kcal/mol
0.0000 0.0000
0.1000 2.1194
0.2000 4.8690
0.3000 7.7667
0.4000 10.5809
0.5000 13.2020
0.6000 15.6109
0.7000 17.8073
0.8000 19.7655
0.9000 21.4736
1.0000 23.0724
#MBAR free energy difference in kcal/mol: 
22.882051, 0.138143 
#TI free energy difference in kcal/mol: 
23.072398  
