# Analysing data contained in file(s) ['/home/jguven/projects/metalloenzymes/starmap/outputs/no_min/SOMD_1/lig_1~lig_10/unbound/lambda_0.0000/simfile.dat', '/home/jguven/projects/metalloenzymes/starmap/outputs/no_min/SOMD_1/lig_1~lig_10/unbound/lambda_0.1000/simfile.dat', '/home/jguven/projects/metalloenzymes/starmap/outputs/no_min/SOMD_1/lig_1~lig_10/unbound/lambda_0.2000/simfile.dat', '/home/jguven/projects/metalloenzymes/starmap/outputs/no_min/SOMD_1/lig_1~lig_10/unbound/lambda_0.3000/simfile.dat', '/home/jguven/projects/metalloenzymes/starmap/outputs/no_min/SOMD_1/lig_1~lig_10/unbound/lambda_0.4000/simfile.dat', '/home/jguven/projects/metalloenzymes/starmap/outputs/no_min/SOMD_1/lig_1~lig_10/unbound/lambda_0.5000/simfile.dat', '/home/jguven/projects/metalloenzymes/starmap/outputs/no_min/SOMD_1/lig_1~lig_10/unbound/lambda_0.6000/simfile.dat', '/home/jguven/projects/metalloenzymes/starmap/outputs/no_min/SOMD_1/lig_1~lig_10/unbound/lambda_0.7000/simfile.dat', '/home/jguven/projects/metalloenzymes/starmap/outputs/no_min/SOMD_1/lig_1~lig_10/unbound/lambda_0.8000/simfile.dat', '/home/jguven/projects/metalloenzymes/starmap/outputs/no_min/SOMD_1/lig_1~lig_10/unbound/lambda_0.9000/simfile.dat', '/home/jguven/projects/metalloenzymes/starmap/outputs/no_min/SOMD_1/lig_1~lig_10/unbound/lambda_1.0000/simfile.dat']
#Overlap matrix
0.6554 0.2839 0.0560 0.0045 0.0001 0.0000 0.0000 0.0000 0.0000 0.0000 0.0000
0.2839 0.4149 0.2418 0.0544 0.0048 0.0002 0.0000 0.0000 0.0000 0.0000 0.0000
0.0560 0.2418 0.3962 0.2444 0.0568 0.0047 0.0001 0.0000 0.0000 0.0000 0.0000
0.0045 0.0544 0.2444 0.3989 0.2417 0.0520 0.0040 0.0001 0.0000 0.0000 0.0000
0.0001 0.0048 0.0568 0.2417 0.4096 0.2386 0.0452 0.0030 0.0000 0.0000 0.0000
0.0000 0.0002 0.0047 0.0520 0.2386 0.4300 0.2377 0.0354 0.0013 0.0000 0.0000
0.0000 0.0000 0.0001 0.0040 0.0452 0.2377 0.4700 0.2215 0.0208 0.0006 0.0000
0.0000 0.0000 0.0000 0.0001 0.0030 0.0354 0.2215 0.5206 0.2054 0.0139 0.0001
0.0000 0.0000 0.0000 0.0000 0.0000 0.0013 0.0208 0.2054 0.5897 0.1801 0.0026
0.0000 0.0000 0.0000 0.0000 0.0000 0.0000 0.0006 0.0139 0.1801 0.6988 0.1067
0.0000 0.0000 0.0000 0.0000 0.0000 0.0000 0.0000 0.0001 0.0026 0.1067 0.8906
#DG from neighbouring lambda in kcal/mol
0.0000 0.1000 9.7984 0.0202
0.1000 0.2000 9.1780 0.0197
0.2000 0.3000 8.5406 0.0191
0.3000 0.4000 7.9462 0.0195
0.4000 0.5000 7.4091 0.0206
0.5000 0.6000 6.9454 0.0221
0.6000 0.7000 6.5756 0.0259
0.7000 0.8000 6.3845 0.0299
0.8000 0.9000 7.0258 0.0357
0.9000 1.0000 9.0226 0.0542
#PMF from MBAR in kcal/mol
0.0000 0.0000 0.0000
0.1000 9.7984 0.0202
0.2000 18.9764 0.0346
0.3000 27.5170 0.0448
0.4000 35.4631 0.0530
0.5000 42.8722 0.0607
0.6000 49.8176 0.0680
0.7000 56.3932 0.0760
0.8000 62.7777 0.0851
0.9000 69.8035 0.0954
1.0000 78.8261 0.1129
#TI average gradients and standard deviation in kcal/mol
0.0000 96.8519 8.5643
0.1000 95.1370 8.6349
0.2000 89.1504 8.7521
0.3000 82.6744 8.8585
0.4000 76.3411 8.8092
0.5000 71.5365 9.6110
0.6000 67.3872 10.7486
0.7000 64.3599 11.5121
0.8000 64.7820 12.9618
0.9000 76.9618 15.8746
1.0000 108.1296 20.2567
#PMF from TI in kcal/mol
0.0000 0.0000
0.1000 9.5994
0.2000 18.8138
0.3000 27.4051
0.4000 35.3558
0.5000 42.7497
0.6000 49.6959
0.7000 56.2832
0.8000 62.7403
0.9000 69.8275
1.0000 79.0821
#MBAR free energy difference in kcal/mol: 
78.826107, 0.112947 
#TI free energy difference in kcal/mol: 
79.082108  
