# Analysing data contained in file(s) ['/home/jguven/projects/metalloenzymes/starmap/outputs/with_min/SOMD_1/lig_1~lig_5/bound/lambda_0.0000/simfile.dat', '/home/jguven/projects/metalloenzymes/starmap/outputs/with_min/SOMD_1/lig_1~lig_5/bound/lambda_0.1000/simfile.dat', '/home/jguven/projects/metalloenzymes/starmap/outputs/with_min/SOMD_1/lig_1~lig_5/bound/lambda_0.2000/simfile.dat', '/home/jguven/projects/metalloenzymes/starmap/outputs/with_min/SOMD_1/lig_1~lig_5/bound/lambda_0.3000/simfile.dat', '/home/jguven/projects/metalloenzymes/starmap/outputs/with_min/SOMD_1/lig_1~lig_5/bound/lambda_0.4000/simfile.dat', '/home/jguven/projects/metalloenzymes/starmap/outputs/with_min/SOMD_1/lig_1~lig_5/bound/lambda_0.5000/simfile.dat', '/home/jguven/projects/metalloenzymes/starmap/outputs/with_min/SOMD_1/lig_1~lig_5/bound/lambda_0.6000/simfile.dat', '/home/jguven/projects/metalloenzymes/starmap/outputs/with_min/SOMD_1/lig_1~lig_5/bound/lambda_0.7000/simfile.dat', '/home/jguven/projects/metalloenzymes/starmap/outputs/with_min/SOMD_1/lig_1~lig_5/bound/lambda_0.8000/simfile.dat', '/home/jguven/projects/metalloenzymes/starmap/outputs/with_min/SOMD_1/lig_1~lig_5/bound/lambda_0.9000/simfile.dat', '/home/jguven/projects/metalloenzymes/starmap/outputs/with_min/SOMD_1/lig_1~lig_5/bound/lambda_1.0000/simfile.dat']
#Overlap matrix
0.7877 0.2036 0.0086 0.0001 0.0000 0.0000 0.0000 0.0000 0.0000 0.0000 0.0000
0.2036 0.5816 0.2042 0.0105 0.0001 0.0000 0.0000 0.0000 0.0000 0.0000 0.0000
0.0086 0.2042 0.5588 0.2141 0.0141 0.0002 0.0000 0.0000 0.0000 0.0000 0.0000
0.0001 0.0105 0.2141 0.5407 0.2173 0.0170 0.0003 0.0000 0.0000 0.0000 0.0000
0.0000 0.0001 0.0141 0.2173 0.5222 0.2267 0.0191 0.0004 0.0000 0.0000 0.0000
0.0000 0.0000 0.0002 0.0170 0.2267 0.5127 0.2210 0.0218 0.0006 0.0000 0.0000
0.0000 0.0000 0.0000 0.0003 0.0191 0.2210 0.5064 0.2273 0.0251 0.0008 0.0000
0.0000 0.0000 0.0000 0.0000 0.0004 0.0218 0.2273 0.4893 0.2342 0.0261 0.0008
0.0000 0.0000 0.0000 0.0000 0.0000 0.0006 0.0251 0.2342 0.4912 0.2290 0.0199
0.0000 0.0000 0.0000 0.0000 0.0000 0.0000 0.0008 0.0261 0.2290 0.5402 0.2039
0.0000 0.0000 0.0000 0.0000 0.0000 0.0000 0.0000 0.0008 0.0199 0.2039 0.7754
#DG from neighbouring lambda in kcal/mol
0.0000 0.1000 6.4085 0.0353
0.1000 0.2000 6.2287 0.0338
0.2000 0.3000 6.0362 0.0318
0.3000 0.4000 5.8962 0.0306
0.4000 0.5000 5.7509 0.0290
0.5000 0.6000 5.5534 0.0291
0.6000 0.7000 5.3589 0.0278
0.7000 0.8000 5.2696 0.0266
0.8000 0.9000 5.3547 0.0277
0.9000 1.0000 5.8420 0.0337
#PMF from MBAR in kcal/mol
0.0000 0.0000 0.0000
0.1000 6.4085 0.0353
0.2000 12.6372 0.0560
0.3000 18.6734 0.0699
0.4000 24.5696 0.0808
0.5000 30.3205 0.0897
0.6000 35.8739 0.0978
0.7000 41.2327 0.1048
0.8000 46.5023 0.1109
0.9000 51.8570 0.1170
1.0000 57.6990 0.1243
#TI average gradients and standard deviation in kcal/mol
0.0000 65.2013 13.2778
0.1000 62.9038 12.6225
0.2000 61.7447 12.7189
0.3000 60.0705 11.9826
0.4000 57.8357 10.7526
0.5000 56.5854 10.7929
0.6000 54.3520 10.7604
0.7000 52.0313 10.3241
0.8000 51.8198 10.6653
0.9000 57.4587 12.0050
1.0000 61.8129 13.6406
#PMF from TI in kcal/mol
0.0000 0.0000
0.1000 6.4053
0.2000 12.6377
0.3000 18.7284
0.4000 24.6238
0.5000 30.3448
0.6000 35.8917
0.7000 41.2108
0.8000 46.4034
0.9000 51.8673
1.0000 57.8309
#MBAR free energy difference in kcal/mol: 
57.699044, 0.124301 
#TI free energy difference in kcal/mol: 
57.830903  
