# Analysing data contained in file(s) ['/home/jguven/projects/metalloenzymes/kpc2/outputs/SOMD/lig_9~lig_5/bound/lambda_0.0000/simfile.dat', '/home/jguven/projects/metalloenzymes/kpc2/outputs/SOMD/lig_9~lig_5/bound/lambda_0.0625/simfile.dat', '/home/jguven/projects/metalloenzymes/kpc2/outputs/SOMD/lig_9~lig_5/bound/lambda_0.1250/simfile.dat', '/home/jguven/projects/metalloenzymes/kpc2/outputs/SOMD/lig_9~lig_5/bound/lambda_0.1875/simfile.dat', '/home/jguven/projects/metalloenzymes/kpc2/outputs/SOMD/lig_9~lig_5/bound/lambda_0.2500/simfile.dat', '/home/jguven/projects/metalloenzymes/kpc2/outputs/SOMD/lig_9~lig_5/bound/lambda_0.3125/simfile.dat', '/home/jguven/projects/metalloenzymes/kpc2/outputs/SOMD/lig_9~lig_5/bound/lambda_0.3750/simfile.dat', '/home/jguven/projects/metalloenzymes/kpc2/outputs/SOMD/lig_9~lig_5/bound/lambda_0.4375/simfile.dat', '/home/jguven/projects/metalloenzymes/kpc2/outputs/SOMD/lig_9~lig_5/bound/lambda_0.5000/simfile.dat', '/home/jguven/projects/metalloenzymes/kpc2/outputs/SOMD/lig_9~lig_5/bound/lambda_0.5625/simfile.dat', '/home/jguven/projects/metalloenzymes/kpc2/outputs/SOMD/lig_9~lig_5/bound/lambda_0.6250/simfile.dat', '/home/jguven/projects/metalloenzymes/kpc2/outputs/SOMD/lig_9~lig_5/bound/lambda_0.6875/simfile.dat', '/home/jguven/projects/metalloenzymes/kpc2/outputs/SOMD/lig_9~lig_5/bound/lambda_0.7500/simfile.dat', '/home/jguven/projects/metalloenzymes/kpc2/outputs/SOMD/lig_9~lig_5/bound/lambda_0.8125/simfile.dat', '/home/jguven/projects/metalloenzymes/kpc2/outputs/SOMD/lig_9~lig_5/bound/lambda_0.8750/simfile.dat', '/home/jguven/projects/metalloenzymes/kpc2/outputs/SOMD/lig_9~lig_5/bound/lambda_0.9375/simfile.dat', '/home/jguven/projects/metalloenzymes/kpc2/outputs/SOMD/lig_9~lig_5/bound/lambda_1.0000/simfile.dat']
#Overlap matrix
0.8504 0.1439 0.0056 0.0001 0.0000 0.0000 0.0000 0.0000 0.0000 0.0000 0.0000 0.0000 0.0000 0.0000 0.0000 0.0000 0.0000
0.1439 0.6540 0.1955 0.0066 0.0001 0.0000 0.0000 0.0000 0.0000 0.0000 0.0000 0.0000 0.0000 0.0000 0.0000 0.0000 0.0000
0.0056 0.1955 0.6507 0.1455 0.0025 0.0000 0.0000 0.0000 0.0000 0.0000 0.0000 0.0000 0.0000 0.0000 0.0000 0.0000 0.0000
0.0001 0.0066 0.1455 0.6924 0.1509 0.0037 0.0002 0.0000 0.0001 0.0001 0.0001 0.0001 0.0001 0.0001 0.0000 0.0000 0.0000
0.0000 0.0001 0.0025 0.1509 0.6700 0.1597 0.0135 0.0019 0.0008 0.0003 0.0001 0.0001 0.0001 0.0000 0.0000 0.0000 0.0000
0.0000 0.0000 0.0000 0.0037 0.1597 0.5622 0.2186 0.0426 0.0108 0.0020 0.0002 0.0000 0.0000 0.0000 0.0000 0.0000 0.0000
0.0000 0.0000 0.0000 0.0002 0.0135 0.2186 0.4527 0.2357 0.0689 0.0097 0.0006 0.0001 0.0001 0.0000 0.0000 0.0000 0.0000
0.0000 0.0000 0.0000 0.0000 0.0019 0.0426 0.2357 0.4246 0.2518 0.0398 0.0024 0.0006 0.0003 0.0001 0.0000 0.0000 0.0000
0.0000 0.0000 0.0000 0.0001 0.0008 0.0108 0.0689 0.2518 0.4564 0.1794 0.0196 0.0066 0.0038 0.0016 0.0003 0.0000 0.0000
0.0000 0.0000 0.0000 0.0001 0.0003 0.0020 0.0097 0.0398 0.1794 0.4215 0.1950 0.0866 0.0452 0.0164 0.0034 0.0005 0.0001
0.0000 0.0000 0.0000 0.0001 0.0001 0.0002 0.0006 0.0024 0.0196 0.1950 0.3463 0.2526 0.1307 0.0426 0.0085 0.0013 0.0002
0.0000 0.0000 0.0000 0.0001 0.0001 0.0000 0.0001 0.0006 0.0066 0.0866 0.2526 0.3024 0.2214 0.0968 0.0261 0.0055 0.0011
0.0000 0.0000 0.0000 0.0001 0.0001 0.0000 0.0001 0.0003 0.0038 0.0452 0.1307 0.2214 0.2689 0.2024 0.0899 0.0289 0.0082
0.0000 0.0000 0.0000 0.0001 0.0000 0.0000 0.0000 0.0001 0.0016 0.0164 0.0426 0.0968 0.2024 0.2770 0.2145 0.1068 0.0415
0.0000 0.0000 0.0000 0.0000 0.0000 0.0000 0.0000 0.0000 0.0003 0.0034 0.0085 0.0261 0.0899 0.2145 0.2915 0.2345 0.1311
0.0000 0.0000 0.0000 0.0000 0.0000 0.0000 0.0000 0.0000 0.0000 0.0005 0.0013 0.0055 0.0289 0.1068 0.2345 0.3233 0.2992
0.0000 0.0000 0.0000 0.0000 0.0000 0.0000 0.0000 0.0000 0.0000 0.0001 0.0002 0.0011 0.0082 0.0415 0.1311 0.2992 0.5186
#DG from neighbouring lambda in kcal/mol
0.0000 0.0625 -1.7765 0.0436
0.0625 0.1250 -1.8504 0.0338
0.1250 0.1875 -1.9630 0.0425
0.1875 0.2500 -2.3506 0.0419
0.2500 0.3125 -2.1943 0.0379
0.3125 0.3750 -1.2858 0.0251
0.3750 0.4375 -0.3996 0.0194
0.4375 0.5000 0.0747 0.0182
0.5000 0.5625 -0.3453 0.0277
0.5625 0.6250 -1.3171 0.0200
0.6250 0.6875 -1.1436 0.0100
0.6875 0.7500 -1.2056 0.0104
0.7500 0.8125 -1.6931 0.0126
0.8125 0.8750 -2.2279 0.0123
0.8750 0.9375 -2.5648 0.0112
0.9375 1.0000 -2.6630 0.0123
#PMF from MBAR in kcal/mol
0.0000 0.0000 0.0000
0.0625 -1.7765 0.0436
0.1250 -3.6269 0.0609
0.1875 -5.5899 0.0785
0.2500 -7.9404 0.0929
0.3125 -10.1347 0.1037
0.3750 -11.4205 0.1091
0.4375 -11.8201 0.1124
0.5000 -11.7454 0.1149
0.5625 -12.0907 0.1195
0.6250 -13.4078 0.1233
0.6875 -14.5514 0.1243
0.7500 -15.7570 0.1251
0.8125 -17.4502 0.1266
0.8750 -19.6781 0.1283
0.9375 -22.2429 0.1297
1.0000 -24.9058 0.1311
#TI average gradients and standard deviation in kcal/mol
0.0000 -7.6484 14.4420
0.0625 -34.6275 19.9721
0.1250 -20.5226 19.8040
0.1875 -29.2895 22.3213
0.2500 -51.1465 22.5371
0.3125 -35.7704 19.2358
0.3750 -5.5046 12.4904
0.4375 -6.4093 13.5202
0.5000 -0.3202 11.8047
0.5625 -12.1077 8.4399
0.6250 -21.4818 11.8546
0.6875 -19.5880 8.3788
0.7500 -17.4736 10.6381
0.8125 -31.5625 11.4012
0.8750 -39.3804 6.9479
0.9375 -35.2466 10.8295
1.0000 -32.9064 8.3920
#PMF from TI in kcal/mol
0.0000 0.0000
0.0625 -1.3211
0.1250 -3.0446
0.1875 -4.6012
0.2500 -7.1148
0.3125 -9.8310
0.3750 -11.1208
0.4375 -11.4931
0.5000 -11.7034
0.5625 -12.0918
0.6250 -13.1415
0.6875 -14.4249
0.7500 -15.5831
0.8125 -17.1154
0.8750 -19.3324
0.9375 -21.6645
1.0000 -23.7943
#MBAR free energy difference in kcal/mol: 
-24.905806, 0.131097 
#TI free energy difference in kcal/mol: 
-23.794288  #WARNING SUBSAMPLING GRADIENTS RESULTED IN LESS THAN 50 SAMPLES, CONSIDER RERUN WITHOUT SUBSAMPLE OPTION 
