# Analysing data contained in file(s) ['/home/jguven/projects/metalloenzymes/kpc2/outputs/SOMD/lig_9~lig_5/unbound/lambda_0.0000/simfile.dat', '/home/jguven/projects/metalloenzymes/kpc2/outputs/SOMD/lig_9~lig_5/unbound/lambda_0.0625/simfile.dat', '/home/jguven/projects/metalloenzymes/kpc2/outputs/SOMD/lig_9~lig_5/unbound/lambda_0.1250/simfile.dat', '/home/jguven/projects/metalloenzymes/kpc2/outputs/SOMD/lig_9~lig_5/unbound/lambda_0.1875/simfile.dat', '/home/jguven/projects/metalloenzymes/kpc2/outputs/SOMD/lig_9~lig_5/unbound/lambda_0.2500/simfile.dat', '/home/jguven/projects/metalloenzymes/kpc2/outputs/SOMD/lig_9~lig_5/unbound/lambda_0.3125/simfile.dat', '/home/jguven/projects/metalloenzymes/kpc2/outputs/SOMD/lig_9~lig_5/unbound/lambda_0.3750/simfile.dat', '/home/jguven/projects/metalloenzymes/kpc2/outputs/SOMD/lig_9~lig_5/unbound/lambda_0.4375/simfile.dat', '/home/jguven/projects/metalloenzymes/kpc2/outputs/SOMD/lig_9~lig_5/unbound/lambda_0.5000/simfile.dat', '/home/jguven/projects/metalloenzymes/kpc2/outputs/SOMD/lig_9~lig_5/unbound/lambda_0.5625/simfile.dat', '/home/jguven/projects/metalloenzymes/kpc2/outputs/SOMD/lig_9~lig_5/unbound/lambda_0.6250/simfile.dat', '/home/jguven/projects/metalloenzymes/kpc2/outputs/SOMD/lig_9~lig_5/unbound/lambda_0.6875/simfile.dat', '/home/jguven/projects/metalloenzymes/kpc2/outputs/SOMD/lig_9~lig_5/unbound/lambda_0.7500/simfile.dat', '/home/jguven/projects/metalloenzymes/kpc2/outputs/SOMD/lig_9~lig_5/unbound/lambda_0.8125/simfile.dat', '/home/jguven/projects/metalloenzymes/kpc2/outputs/SOMD/lig_9~lig_5/unbound/lambda_0.8750/simfile.dat', '/home/jguven/projects/metalloenzymes/kpc2/outputs/SOMD/lig_9~lig_5/unbound/lambda_0.9375/simfile.dat', '/home/jguven/projects/metalloenzymes/kpc2/outputs/SOMD/lig_9~lig_5/unbound/lambda_1.0000/simfile.dat']
#Overlap matrix
0.7002 0.2566 0.0393 0.0034 0.0003 0.0000 0.0000 0.0000 0.0000 0.0000 0.0000 0.0000 0.0000 0.0000 0.0000 0.0000 0.0000
0.2566 0.4774 0.2310 0.0317 0.0028 0.0002 0.0001 0.0000 0.0001 0.0000 0.0000 0.0000 0.0000 0.0000 0.0000 0.0000 0.0000
0.0393 0.2310 0.4833 0.2144 0.0285 0.0023 0.0003 0.0002 0.0002 0.0001 0.0001 0.0001 0.0001 0.0001 0.0000 0.0000 0.0000
0.0034 0.0317 0.2144 0.5118 0.2113 0.0221 0.0026 0.0009 0.0008 0.0004 0.0002 0.0001 0.0001 0.0001 0.0000 0.0000 0.0000
0.0003 0.0028 0.0285 0.2113 0.5139 0.2039 0.0279 0.0063 0.0031 0.0011 0.0003 0.0003 0.0002 0.0001 0.0000 0.0000 0.0000
0.0000 0.0002 0.0023 0.0221 0.2039 0.5109 0.2037 0.0417 0.0114 0.0024 0.0005 0.0003 0.0003 0.0001 0.0000 0.0000 0.0000
0.0000 0.0001 0.0003 0.0026 0.0279 0.2037 0.4688 0.2349 0.0524 0.0069 0.0011 0.0005 0.0004 0.0002 0.0001 0.0000 0.0000
0.0000 0.0000 0.0002 0.0009 0.0063 0.0417 0.2349 0.4567 0.2190 0.0313 0.0044 0.0020 0.0015 0.0007 0.0002 0.0000 0.0000
0.0000 0.0001 0.0002 0.0008 0.0031 0.0114 0.0524 0.2190 0.4641 0.1872 0.0332 0.0136 0.0090 0.0044 0.0013 0.0003 0.0000
0.0000 0.0000 0.0001 0.0004 0.0011 0.0024 0.0069 0.0313 0.1872 0.4202 0.2018 0.0836 0.0420 0.0170 0.0047 0.0010 0.0002
0.0000 0.0000 0.0001 0.0002 0.0003 0.0005 0.0011 0.0044 0.0332 0.2018 0.3391 0.2416 0.1205 0.0430 0.0113 0.0025 0.0005
0.0000 0.0000 0.0001 0.0001 0.0003 0.0003 0.0005 0.0020 0.0136 0.0836 0.2416 0.2946 0.2159 0.1020 0.0339 0.0092 0.0022
0.0000 0.0000 0.0001 0.0001 0.0002 0.0003 0.0004 0.0015 0.0090 0.0420 0.1205 0.2159 0.2590 0.1988 0.1012 0.0385 0.0124
0.0000 0.0000 0.0001 0.0001 0.0001 0.0001 0.0002 0.0007 0.0044 0.0170 0.0430 0.1020 0.1988 0.2572 0.2090 0.1160 0.0511
0.0000 0.0000 0.0000 0.0000 0.0000 0.0000 0.0001 0.0002 0.0013 0.0047 0.0113 0.0339 0.1012 0.2090 0.2687 0.2274 0.1421
0.0000 0.0000 0.0000 0.0000 0.0000 0.0000 0.0000 0.0000 0.0003 0.0010 0.0025 0.0092 0.0385 0.1160 0.2274 0.3070 0.2981
0.0000 0.0000 0.0000 0.0000 0.0000 0.0000 0.0000 0.0000 0.0000 0.0002 0.0005 0.0022 0.0124 0.0511 0.1421 0.2981 0.4933
#DG from neighbouring lambda in kcal/mol
0.0000 0.0625 -1.0659 0.0220
0.0625 0.1250 -1.1716 0.0216
0.1250 0.1875 -1.3724 0.0237
0.1875 0.2500 -1.4769 0.0246
0.2500 0.3125 -1.5837 0.0248
0.3125 0.3750 -1.3456 0.0227
0.3750 0.4375 -0.8699 0.0185
0.4375 0.5000 -0.6776 0.0201
0.5000 0.5625 -1.2509 0.0229
0.5625 0.6250 -1.6662 0.0167
0.6250 0.6875 -1.4278 0.0097
0.6875 0.7500 -1.4711 0.0094
0.7500 0.8125 -1.9041 0.0103
0.8125 0.8750 -2.3774 0.0097
0.8750 0.9375 -2.7002 0.0093
0.9375 1.0000 -2.8324 0.0102
#PMF from MBAR in kcal/mol
0.0000 0.0000 0.0000
0.0625 -1.0659 0.0220
0.1250 -2.2375 0.0362
0.1875 -3.6099 0.0475
0.2500 -5.0867 0.0569
0.3125 -6.6704 0.0652
0.3750 -8.0160 0.0712
0.4375 -8.8859 0.0749
0.5000 -9.5636 0.0785
0.5625 -10.8145 0.0833
0.6250 -12.4806 0.0864
0.6875 -13.9084 0.0876
0.7500 -15.3795 0.0885
0.8125 -17.2836 0.0900
0.8750 -19.6611 0.0916
0.9375 -22.3613 0.0930
1.0000 -25.1937 0.0945
#TI average gradients and standard deviation in kcal/mol
0.0000 -16.7190 16.3054
0.0625 -18.2168 17.2095
0.1250 -20.1422 17.5433
0.1875 -23.1788 18.3082
0.2500 -25.3682 18.7875
0.3125 -24.4097 19.3289
0.3750 -18.5543 17.6896
0.4375 -10.3677 14.5156
0.5000 -13.6243 17.0617
0.5625 -25.5146 18.1290
0.6250 -25.6235 10.6401
0.6875 -21.6262 8.3446
0.7500 -26.2787 8.9880
0.8125 -34.1038 9.3076
0.8750 -41.1050 8.7590
0.9375 -45.0788 8.6856
1.0000 -40.8385 9.3544
#PMF from TI in kcal/mol
0.0000 0.0000
0.0625 -1.0917
0.1250 -2.2905
0.1875 -3.6442
0.2500 -5.1613
0.3125 -6.7169
0.3750 -8.0595
0.4375 -8.9633
0.5000 -9.7131
0.5625 -10.9362
0.6250 -12.5342
0.6875 -14.0108
0.7500 -15.5078
0.8125 -17.3948
0.8750 -19.7450
0.9375 -22.4383
1.0000 -25.1232
#MBAR free energy difference in kcal/mol: 
-25.193683, 0.094479 
#TI free energy difference in kcal/mol: 
-25.123209  
