# Analysing data contained in file(s) ['/home/jguven/projects/metalloenzymes/starmap/outputs/with_min/SOMD_3/lig_1~lig_5/unbound/lambda_0.0000/simfile.dat', '/home/jguven/projects/metalloenzymes/starmap/outputs/with_min/SOMD_3/lig_1~lig_5/unbound/lambda_0.1000/simfile.dat', '/home/jguven/projects/metalloenzymes/starmap/outputs/with_min/SOMD_3/lig_1~lig_5/unbound/lambda_0.2000/simfile.dat', '/home/jguven/projects/metalloenzymes/starmap/outputs/with_min/SOMD_3/lig_1~lig_5/unbound/lambda_0.3000/simfile.dat', '/home/jguven/projects/metalloenzymes/starmap/outputs/with_min/SOMD_3/lig_1~lig_5/unbound/lambda_0.4000/simfile.dat', '/home/jguven/projects/metalloenzymes/starmap/outputs/with_min/SOMD_3/lig_1~lig_5/unbound/lambda_0.5000/simfile.dat', '/home/jguven/projects/metalloenzymes/starmap/outputs/with_min/SOMD_3/lig_1~lig_5/unbound/lambda_0.6000/simfile.dat', '/home/jguven/projects/metalloenzymes/starmap/outputs/with_min/SOMD_3/lig_1~lig_5/unbound/lambda_0.7000/simfile.dat', '/home/jguven/projects/metalloenzymes/starmap/outputs/with_min/SOMD_3/lig_1~lig_5/unbound/lambda_0.8000/simfile.dat', '/home/jguven/projects/metalloenzymes/starmap/outputs/with_min/SOMD_3/lig_1~lig_5/unbound/lambda_0.9000/simfile.dat', '/home/jguven/projects/metalloenzymes/starmap/outputs/with_min/SOMD_3/lig_1~lig_5/unbound/lambda_1.0000/simfile.dat']
#Overlap matrix
0.7861 0.2041 0.0098 0.0001 0.0000 0.0000 0.0000 0.0000 0.0000 0.0000 0.0000
0.2041 0.5747 0.2099 0.0112 0.0001 0.0000 0.0000 0.0000 0.0000 0.0000 0.0000
0.0098 0.2099 0.5568 0.2110 0.0123 0.0002 0.0000 0.0000 0.0000 0.0000 0.0000
0.0001 0.0112 0.2110 0.5460 0.2153 0.0161 0.0003 0.0000 0.0000 0.0000 0.0000
0.0000 0.0001 0.0123 0.2153 0.5270 0.2265 0.0183 0.0004 0.0000 0.0000 0.0000
0.0000 0.0000 0.0002 0.0161 0.2265 0.5131 0.2203 0.0232 0.0006 0.0000 0.0000
0.0000 0.0000 0.0000 0.0003 0.0183 0.2203 0.4997 0.2355 0.0252 0.0007 0.0000
0.0000 0.0000 0.0000 0.0000 0.0004 0.0232 0.2355 0.4876 0.2284 0.0242 0.0007
0.0000 0.0000 0.0000 0.0000 0.0000 0.0006 0.0252 0.2284 0.4991 0.2255 0.0212
0.0000 0.0000 0.0000 0.0000 0.0000 0.0000 0.0007 0.0242 0.2255 0.5282 0.2214
0.0000 0.0000 0.0000 0.0000 0.0000 0.0000 0.0000 0.0007 0.0212 0.2214 0.7567
#DG from neighbouring lambda in kcal/mol
0.0000 0.1000 6.4346 0.0335
0.1000 0.2000 6.3278 0.0313
0.2000 0.3000 6.1728 0.0309
0.3000 0.4000 5.9466 0.0298
0.4000 0.5000 5.7668 0.0279
0.5000 0.6000 5.5453 0.0278
0.6000 0.7000 5.4026 0.0255
0.7000 0.8000 5.3262 0.0262
0.8000 0.9000 5.3901 0.0269
0.9000 1.0000 5.8403 0.0299
#PMF from MBAR in kcal/mol
0.0000 0.0000 0.0000
0.1000 6.4346 0.0335
0.2000 12.7624 0.0526
0.3000 18.9351 0.0663
0.4000 24.8817 0.0771
0.5000 30.6485 0.0857
0.6000 36.1938 0.0934
0.7000 41.5964 0.0998
0.8000 46.9227 0.1059
0.9000 52.3127 0.1118
1.0000 58.1530 0.1182
#TI average gradients and standard deviation in kcal/mol
0.0000 64.1213 13.0290
0.1000 63.8300 12.4546
0.2000 62.1002 12.1901
0.3000 60.3348 11.9892
0.4000 58.6906 11.5282
0.5000 56.2092 11.2043
0.6000 54.4750 10.7768
0.7000 53.1180 10.4738
0.8000 53.1504 10.4462
0.9000 55.4087 11.6836
1.0000 61.6906 12.5147
#PMF from TI in kcal/mol
0.0000 0.0000
0.1000 6.3976
0.2000 12.6941
0.3000 18.8158
0.4000 24.7671
0.5000 30.5121
0.6000 36.0463
0.7000 41.4260
0.8000 46.7394
0.9000 52.1673
1.0000 58.0223
#MBAR free energy difference in kcal/mol: 
58.152999, 0.118198 
#TI free energy difference in kcal/mol: 
58.022308  
