# Analysing data contained in file(s) ['/home/jguven/projects/metalloenzymes/starmap/outputs/with_min/SOMD_3/lig_1~lig_3/bound/lambda_0.0000/simfile.dat', '/home/jguven/projects/metalloenzymes/starmap/outputs/with_min/SOMD_3/lig_1~lig_3/bound/lambda_0.1000/simfile.dat', '/home/jguven/projects/metalloenzymes/starmap/outputs/with_min/SOMD_3/lig_1~lig_3/bound/lambda_0.2000/simfile.dat', '/home/jguven/projects/metalloenzymes/starmap/outputs/with_min/SOMD_3/lig_1~lig_3/bound/lambda_0.3000/simfile.dat', '/home/jguven/projects/metalloenzymes/starmap/outputs/with_min/SOMD_3/lig_1~lig_3/bound/lambda_0.4000/simfile.dat', '/home/jguven/projects/metalloenzymes/starmap/outputs/with_min/SOMD_3/lig_1~lig_3/bound/lambda_0.5000/simfile.dat', '/home/jguven/projects/metalloenzymes/starmap/outputs/with_min/SOMD_3/lig_1~lig_3/bound/lambda_0.6000/simfile.dat', '/home/jguven/projects/metalloenzymes/starmap/outputs/with_min/SOMD_3/lig_1~lig_3/bound/lambda_0.7000/simfile.dat', '/home/jguven/projects/metalloenzymes/starmap/outputs/with_min/SOMD_3/lig_1~lig_3/bound/lambda_0.8000/simfile.dat', '/home/jguven/projects/metalloenzymes/starmap/outputs/with_min/SOMD_3/lig_1~lig_3/bound/lambda_0.9000/simfile.dat', '/home/jguven/projects/metalloenzymes/starmap/outputs/with_min/SOMD_3/lig_1~lig_3/bound/lambda_1.0000/simfile.dat']
#Overlap matrix
0.8816 0.1180 0.0003 0.0000 0.0000 0.0000 0.0000 0.0000 0.0000 0.0000 0.0000
0.1180 0.7508 0.1306 0.0006 0.0000 0.0000 0.0000 0.0000 0.0000 0.0000 0.0000
0.0003 0.1306 0.7330 0.1353 0.0008 0.0000 0.0000 0.0000 0.0000 0.0000 0.0000
0.0000 0.0006 0.1353 0.7115 0.1512 0.0014 0.0000 0.0000 0.0000 0.0000 0.0000
0.0000 0.0000 0.0008 0.1512 0.7009 0.1453 0.0018 0.0000 0.0000 0.0000 0.0000
0.0000 0.0000 0.0000 0.0014 0.1453 0.6721 0.1779 0.0033 0.0000 0.0000 0.0000
0.0000 0.0000 0.0000 0.0000 0.0018 0.1779 0.6472 0.1695 0.0036 0.0000 0.0000
0.0000 0.0000 0.0000 0.0000 0.0000 0.0033 0.1695 0.6337 0.1874 0.0061 0.0000
0.0000 0.0000 0.0000 0.0000 0.0000 0.0000 0.0036 0.1874 0.6106 0.1924 0.0060
0.0000 0.0000 0.0000 0.0000 0.0000 0.0000 0.0000 0.0061 0.1924 0.6077 0.1938
0.0000 0.0000 0.0000 0.0000 0.0000 0.0000 0.0000 0.0000 0.0060 0.1938 0.8002
#DG from neighbouring lambda in kcal/mol
0.0000 0.1000 5.0496 0.0522
0.1000 0.2000 4.7959 0.0486
0.2000 0.3000 4.5807 0.0474
0.3000 0.4000 4.3571 0.0437
0.4000 0.5000 4.2093 0.0447
0.5000 0.6000 3.9982 0.0383
0.6000 0.7000 3.9072 0.0394
0.7000 0.8000 3.6380 0.0361
0.8000 0.9000 3.4530 0.0350
0.9000 1.0000 3.0987 0.0356
#PMF from MBAR in kcal/mol
0.0000 0.0000 0.0000
0.1000 5.0496 0.0522
0.2000 9.8455 0.0769
0.3000 14.4262 0.0947
0.4000 18.7833 0.1081
0.5000 22.9926 0.1204
0.6000 26.9908 0.1294
0.7000 30.8979 0.1380
0.8000 34.5360 0.1453
0.9000 37.9890 0.1518
1.0000 41.0876 0.1582
#TI average gradients and standard deviation in kcal/mol
0.0000 52.8378 17.5085
0.1000 48.6103 16.7522
0.2000 46.6266 16.0774
0.3000 45.1315 16.4611
0.4000 43.5163 15.2009
0.5000 41.3115 14.6541
0.6000 40.0174 14.3484
0.7000 37.4550 13.9194
0.8000 35.7821 13.3112
0.9000 32.9962 12.7838
1.0000 29.0918 12.0914
#PMF from TI in kcal/mol
0.0000 0.0000
0.1000 5.0724
0.2000 9.8343
0.3000 14.4222
0.4000 18.8545
0.5000 23.0959
0.6000 27.1624
0.7000 31.0360
0.8000 34.6979
0.9000 38.1368
1.0000 41.2412
#MBAR free energy difference in kcal/mol: 
41.087643, 0.158240 
#TI free energy difference in kcal/mol: 
41.241168  
