# Analysing data contained in file(s) ['/home/jguven/projects/metalloenzymes/starmap/outputs/with_min/SOMD_2/lig_1~lig_2/bound/lambda_0.0000/simfile.dat', '/home/jguven/projects/metalloenzymes/starmap/outputs/with_min/SOMD_2/lig_1~lig_2/bound/lambda_0.1000/simfile.dat', '/home/jguven/projects/metalloenzymes/starmap/outputs/with_min/SOMD_2/lig_1~lig_2/bound/lambda_0.2000/simfile.dat', '/home/jguven/projects/metalloenzymes/starmap/outputs/with_min/SOMD_2/lig_1~lig_2/bound/lambda_0.3000/simfile.dat', '/home/jguven/projects/metalloenzymes/starmap/outputs/with_min/SOMD_2/lig_1~lig_2/bound/lambda_0.4000/simfile.dat', '/home/jguven/projects/metalloenzymes/starmap/outputs/with_min/SOMD_2/lig_1~lig_2/bound/lambda_0.5000/simfile.dat', '/home/jguven/projects/metalloenzymes/starmap/outputs/with_min/SOMD_2/lig_1~lig_2/bound/lambda_0.6000/simfile.dat', '/home/jguven/projects/metalloenzymes/starmap/outputs/with_min/SOMD_2/lig_1~lig_2/bound/lambda_0.7000/simfile.dat', '/home/jguven/projects/metalloenzymes/starmap/outputs/with_min/SOMD_2/lig_1~lig_2/bound/lambda_0.8000/simfile.dat', '/home/jguven/projects/metalloenzymes/starmap/outputs/with_min/SOMD_2/lig_1~lig_2/bound/lambda_0.9000/simfile.dat', '/home/jguven/projects/metalloenzymes/starmap/outputs/with_min/SOMD_2/lig_1~lig_2/bound/lambda_1.0000/simfile.dat']
#Overlap matrix
0.8545 0.1414 0.0040 0.0001 0.0000 0.0000 0.0000 0.0000 0.0000 0.0000 0.0000
0.1414 0.6748 0.1690 0.0138 0.0009 0.0000 0.0000 0.0000 0.0000 0.0000 0.0000
0.0040 0.1690 0.5564 0.2304 0.0375 0.0026 0.0001 0.0000 0.0000 0.0000 0.0000
0.0001 0.0138 0.2304 0.4684 0.2405 0.0438 0.0030 0.0001 0.0000 0.0000 0.0000
0.0000 0.0009 0.0375 0.2405 0.4319 0.2382 0.0474 0.0035 0.0001 0.0000 0.0000
0.0000 0.0000 0.0026 0.0438 0.2382 0.4155 0.2456 0.0509 0.0033 0.0001 0.0000
0.0000 0.0000 0.0001 0.0030 0.0474 0.2456 0.4140 0.2410 0.0460 0.0029 0.0001
0.0000 0.0000 0.0000 0.0001 0.0035 0.0509 0.2410 0.4180 0.2404 0.0439 0.0022
0.0000 0.0000 0.0000 0.0000 0.0001 0.0033 0.0460 0.2404 0.4335 0.2414 0.0353
0.0000 0.0000 0.0000 0.0000 0.0000 0.0001 0.0029 0.0439 0.2414 0.4654 0.2464
0.0000 0.0000 0.0000 0.0000 0.0000 0.0000 0.0001 0.0022 0.0353 0.2464 0.7162
#DG from neighbouring lambda in kcal/mol
0.0000 0.1000 41.4056 0.0419
0.1000 0.2000 38.2981 0.0347
0.2000 0.3000 34.8644 0.0238
0.3000 0.4000 31.2340 0.0205
0.4000 0.5000 27.1801 0.0198
0.5000 0.6000 22.9691 0.0188
0.6000 0.7000 18.7500 0.0192
0.7000 0.8000 14.5218 0.0198
0.8000 0.9000 10.3868 0.0207
0.9000 1.0000 6.3643 0.0238
#PMF from MBAR in kcal/mol
0.0000 0.0000 0.0000
0.1000 41.4056 0.0419
0.2000 79.7036 0.0597
0.3000 114.5680 0.0682
0.4000 145.8021 0.0741
0.5000 172.9821 0.0793
0.6000 195.9513 0.0839
0.7000 214.7013 0.0884
0.8000 229.2230 0.0928
0.9000 239.6098 0.0972
1.0000 245.9741 0.1023
#TI average gradients and standard deviation in kcal/mol
0.0000 426.7629 17.8732
0.1000 400.3286 15.7204
0.2000 367.6150 11.8084
0.3000 332.2828 10.3735
0.4000 292.6602 9.0048
0.5000 250.8154 8.7049
0.6000 208.3138 8.5928
0.7000 165.5160 8.7028
0.8000 124.7843 8.8796
0.9000 83.8690 10.0971
1.0000 46.3222 11.5320
#PMF from TI in kcal/mol
0.0000 0.0000
0.1000 41.3546
0.2000 79.7518
0.3000 114.7466
0.4000 145.9938
0.5000 173.1676
0.6000 196.1240
0.7000 214.8155
0.8000 229.3305
0.9000 239.7632
1.0000 246.2728
#MBAR free energy difference in kcal/mol: 
245.974114, 0.102294 
#TI free energy difference in kcal/mol: 
246.272761  
