# Analysing data contained in file(s) ['/home/jguven/projects/metalloenzymes/kpc2/outputs/SOMD/lig_16~lig_10/bound/lambda_0.0000/simfile.dat', '/home/jguven/projects/metalloenzymes/kpc2/outputs/SOMD/lig_16~lig_10/bound/lambda_0.0625/simfile.dat', '/home/jguven/projects/metalloenzymes/kpc2/outputs/SOMD/lig_16~lig_10/bound/lambda_0.1250/simfile.dat', '/home/jguven/projects/metalloenzymes/kpc2/outputs/SOMD/lig_16~lig_10/bound/lambda_0.1875/simfile.dat', '/home/jguven/projects/metalloenzymes/kpc2/outputs/SOMD/lig_16~lig_10/bound/lambda_0.2500/simfile.dat', '/home/jguven/projects/metalloenzymes/kpc2/outputs/SOMD/lig_16~lig_10/bound/lambda_0.3125/simfile.dat', '/home/jguven/projects/metalloenzymes/kpc2/outputs/SOMD/lig_16~lig_10/bound/lambda_0.3750/simfile.dat', '/home/jguven/projects/metalloenzymes/kpc2/outputs/SOMD/lig_16~lig_10/bound/lambda_0.4375/simfile.dat', '/home/jguven/projects/metalloenzymes/kpc2/outputs/SOMD/lig_16~lig_10/bound/lambda_0.5000/simfile.dat', '/home/jguven/projects/metalloenzymes/kpc2/outputs/SOMD/lig_16~lig_10/bound/lambda_0.5625/simfile.dat', '/home/jguven/projects/metalloenzymes/kpc2/outputs/SOMD/lig_16~lig_10/bound/lambda_0.6250/simfile.dat', '/home/jguven/projects/metalloenzymes/kpc2/outputs/SOMD/lig_16~lig_10/bound/lambda_0.6875/simfile.dat', '/home/jguven/projects/metalloenzymes/kpc2/outputs/SOMD/lig_16~lig_10/bound/lambda_0.7500/simfile.dat', '/home/jguven/projects/metalloenzymes/kpc2/outputs/SOMD/lig_16~lig_10/bound/lambda_0.8125/simfile.dat', '/home/jguven/projects/metalloenzymes/kpc2/outputs/SOMD/lig_16~lig_10/bound/lambda_0.8750/simfile.dat', '/home/jguven/projects/metalloenzymes/kpc2/outputs/SOMD/lig_16~lig_10/bound/lambda_0.9375/simfile.dat', '/home/jguven/projects/metalloenzymes/kpc2/outputs/SOMD/lig_16~lig_10/bound/lambda_1.0000/simfile.dat']
#Overlap matrix
0.6300 0.2896 0.0709 0.0089 0.0006 0.0000 0.0000 0.0000 0.0000 0.0000 0.0000 0.0000 0.0000 0.0000 0.0000 0.0000 0.0000
0.2896 0.3871 0.2408 0.0710 0.0107 0.0008 0.0000 0.0000 0.0000 0.0000 0.0000 0.0000 0.0000 0.0000 0.0000 0.0000 0.0000
0.0709 0.2408 0.3574 0.2399 0.0778 0.0122 0.0009 0.0000 0.0000 0.0000 0.0000 0.0000 0.0000 0.0000 0.0000 0.0000 0.0000
0.0089 0.0710 0.2399 0.3496 0.2390 0.0788 0.0120 0.0008 0.0000 0.0000 0.0000 0.0000 0.0000 0.0000 0.0000 0.0000 0.0000
0.0006 0.0107 0.0778 0.2390 0.3459 0.2393 0.0751 0.0107 0.0008 0.0000 0.0000 0.0000 0.0000 0.0000 0.0000 0.0000 0.0000
0.0000 0.0008 0.0122 0.0788 0.2393 0.3500 0.2371 0.0709 0.0101 0.0008 0.0000 0.0000 0.0000 0.0000 0.0000 0.0000 0.0000
0.0000 0.0000 0.0009 0.0120 0.0751 0.2371 0.3609 0.2376 0.0665 0.0091 0.0007 0.0000 0.0000 0.0000 0.0000 0.0000 0.0000
0.0000 0.0000 0.0000 0.0008 0.0107 0.0709 0.2376 0.3740 0.2358 0.0613 0.0084 0.0005 0.0000 0.0000 0.0000 0.0000 0.0000
0.0000 0.0000 0.0000 0.0000 0.0008 0.0101 0.0665 0.2358 0.3856 0.2353 0.0595 0.0060 0.0003 0.0000 0.0000 0.0000 0.0000
0.0000 0.0000 0.0000 0.0000 0.0000 0.0008 0.0091 0.0613 0.2353 0.4021 0.2417 0.0459 0.0036 0.0002 0.0000 0.0000 0.0000
0.0000 0.0000 0.0000 0.0000 0.0000 0.0000 0.0007 0.0084 0.0595 0.2417 0.4261 0.2234 0.0375 0.0026 0.0001 0.0000 0.0000
0.0000 0.0000 0.0000 0.0000 0.0000 0.0000 0.0000 0.0005 0.0060 0.0459 0.2234 0.4525 0.2362 0.0342 0.0012 0.0000 0.0000
0.0000 0.0000 0.0000 0.0000 0.0000 0.0000 0.0000 0.0000 0.0003 0.0036 0.0375 0.2362 0.4768 0.2264 0.0189 0.0003 0.0000
0.0000 0.0000 0.0000 0.0000 0.0000 0.0000 0.0000 0.0000 0.0000 0.0002 0.0026 0.0342 0.2264 0.5276 0.1988 0.0102 0.0001
0.0000 0.0000 0.0000 0.0000 0.0000 0.0000 0.0000 0.0000 0.0000 0.0000 0.0001 0.0012 0.0189 0.1988 0.5866 0.1903 0.0041
0.0000 0.0000 0.0000 0.0000 0.0000 0.0000 0.0000 0.0000 0.0000 0.0000 0.0000 0.0000 0.0003 0.0102 0.1903 0.6545 0.1446
0.0000 0.0000 0.0000 0.0000 0.0000 0.0000 0.0000 0.0000 0.0000 0.0000 0.0000 0.0000 0.0000 0.0001 0.0041 0.1446 0.8512
#DG from neighbouring lambda in kcal/mol
0.0000 0.0625 -1.0147 0.0186
0.0625 0.1250 -1.1985 0.0174
0.1250 0.1875 -1.4294 0.0164
0.1875 0.2500 -1.6204 0.0159
0.2500 0.3125 -1.7914 0.0160
0.3125 0.3750 -1.9364 0.0167
0.3750 0.4375 -2.0281 0.0173
0.4375 0.5000 -2.0915 0.0181
0.5000 0.5625 -2.1177 0.0189
0.5625 0.6250 -2.0504 0.0196
0.6250 0.6875 -1.9991 0.0231
0.6875 0.7500 -1.9459 0.0231
0.7500 0.8125 -1.5962 0.0259
0.8125 0.8750 -1.1921 0.0316
0.8750 0.9375 -0.6968 0.0348
0.9375 1.0000 -0.1679 0.0444
#PMF from MBAR in kcal/mol
0.0000 0.0000 0.0000
0.0625 -1.0147 0.0186
0.1250 -2.2132 0.0316
0.1875 -3.6427 0.0407
0.2500 -5.2630 0.0477
0.3125 -7.0544 0.0538
0.3750 -8.9908 0.0595
0.4375 -11.0189 0.0650
0.5000 -13.1104 0.0702
0.5625 -15.2281 0.0754
0.6250 -17.2785 0.0803
0.6875 -19.2775 0.0862
0.7500 -21.2234 0.0919
0.8125 -22.8197 0.0980
0.8750 -24.0118 0.1058
0.9375 -24.7086 0.1143
1.0000 -24.8765 0.1255
#TI average gradients and standard deviation in kcal/mol
0.0000 -25.0905 14.4164
0.0625 -16.7019 12.1097
0.1250 -18.9328 14.3730
0.1875 -25.7411 11.1345
0.2500 -27.4442 11.7041
0.3125 -30.6988 11.9043
0.3750 -34.0561 14.0806
0.4375 -32.3909 13.6407
0.5000 -32.4030 14.7696
0.5625 -32.2428 13.2202
0.6250 -31.6512 14.1808
0.6875 -31.7049 15.8464
0.7500 -28.1032 17.8926
0.8125 -21.1764 19.5770
0.8750 -12.8674 19.5459
0.9375 -5.6957 25.1846
1.0000 0.4031 26.4857
#PMF from TI in kcal/mol
0.0000 0.0000
0.0625 -1.3060
0.1250 -2.4196
0.1875 -3.8157
0.2500 -5.4777
0.3125 -7.2947
0.3750 -9.3183
0.4375 -11.3947
0.5000 -13.4195
0.5625 -15.4397
0.6250 -17.4364
0.6875 -19.4163
0.7500 -21.2853
0.8125 -22.8253
0.8750 -23.8891
0.9375 -24.4692
1.0000 -24.6346
#MBAR free energy difference in kcal/mol: 
-24.876480, 0.125528 
#TI free energy difference in kcal/mol: 
-24.634639  
