# Analysing data contained in file(s) ['/home/jguven/projects/metalloenzymes/starmap/outputs/with_min/SOMD_2/lig_1~lig_15/bound/lambda_0.0000/simfile.dat', '/home/jguven/projects/metalloenzymes/starmap/outputs/with_min/SOMD_2/lig_1~lig_15/bound/lambda_0.1000/simfile.dat', '/home/jguven/projects/metalloenzymes/starmap/outputs/with_min/SOMD_2/lig_1~lig_15/bound/lambda_0.2000/simfile.dat', '/home/jguven/projects/metalloenzymes/starmap/outputs/with_min/SOMD_2/lig_1~lig_15/bound/lambda_0.3000/simfile.dat', '/home/jguven/projects/metalloenzymes/starmap/outputs/with_min/SOMD_2/lig_1~lig_15/bound/lambda_0.4000/simfile.dat', '/home/jguven/projects/metalloenzymes/starmap/outputs/with_min/SOMD_2/lig_1~lig_15/bound/lambda_0.5000/simfile.dat', '/home/jguven/projects/metalloenzymes/starmap/outputs/with_min/SOMD_2/lig_1~lig_15/bound/lambda_0.6000/simfile.dat', '/home/jguven/projects/metalloenzymes/starmap/outputs/with_min/SOMD_2/lig_1~lig_15/bound/lambda_0.7000/simfile.dat', '/home/jguven/projects/metalloenzymes/starmap/outputs/with_min/SOMD_2/lig_1~lig_15/bound/lambda_0.8000/simfile.dat', '/home/jguven/projects/metalloenzymes/starmap/outputs/with_min/SOMD_2/lig_1~lig_15/bound/lambda_0.9000/simfile.dat', '/home/jguven/projects/metalloenzymes/starmap/outputs/with_min/SOMD_2/lig_1~lig_15/bound/lambda_1.0000/simfile.dat']
#Overlap matrix
0.7211 0.2513 0.0268 0.0008 0.0000 0.0000 0.0000 0.0000 0.0000 0.0000 0.0000
0.2513 0.4856 0.2346 0.0277 0.0008 0.0000 0.0000 0.0000 0.0000 0.0000 0.0000
0.0268 0.2346 0.4777 0.2340 0.0263 0.0006 0.0000 0.0000 0.0000 0.0000 0.0000
0.0008 0.0277 0.2340 0.4822 0.2311 0.0237 0.0006 0.0000 0.0000 0.0000 0.0000
0.0000 0.0008 0.0263 0.2311 0.4909 0.2251 0.0250 0.0008 0.0000 0.0000 0.0000
0.0000 0.0000 0.0006 0.0237 0.2251 0.4786 0.2406 0.0304 0.0010 0.0000 0.0000
0.0000 0.0000 0.0000 0.0006 0.0250 0.2406 0.4722 0.2306 0.0299 0.0011 0.0000
0.0000 0.0000 0.0000 0.0000 0.0008 0.0304 0.2306 0.4663 0.2384 0.0324 0.0010
0.0000 0.0000 0.0000 0.0000 0.0000 0.0010 0.0299 0.2384 0.4645 0.2370 0.0292
0.0000 0.0000 0.0000 0.0000 0.0000 0.0000 0.0011 0.0324 0.2370 0.4750 0.2545
0.0000 0.0000 0.0000 0.0000 0.0000 0.0000 0.0000 0.0010 0.0292 0.2545 0.7152
#DG from neighbouring lambda in kcal/mol
0.0000 0.1000 10.8439 0.0268
0.1000 0.2000 10.9198 0.0258
0.2000 0.3000 11.0110 0.0259
0.3000 0.4000 11.0631 0.0266
0.4000 0.5000 11.0397 0.0273
0.5000 0.6000 11.0628 0.0251
0.6000 0.7000 11.2085 0.0256
0.7000 0.8000 11.3528 0.0246
0.8000 0.9000 11.5585 0.0249
0.9000 1.0000 11.7064 0.0262
#PMF from MBAR in kcal/mol
0.0000 0.0000 0.0000
0.1000 10.8439 0.0268
0.2000 21.7637 0.0443
0.3000 32.7747 0.0568
0.4000 43.8377 0.0673
0.5000 54.8775 0.0768
0.6000 65.9403 0.0844
0.7000 77.1488 0.0914
0.8000 88.5016 0.0977
0.9000 100.0601 0.1036
1.0000 111.7665 0.1096
#TI average gradients and standard deviation in kcal/mol
0.0000 109.0004 10.3270
0.1000 108.1026 10.5710
0.2000 110.5645 10.6981
0.3000 111.6014 10.7047
0.4000 110.2941 10.6076
0.5000 110.5368 10.6805
0.6000 111.2136 10.2106
0.7000 112.8198 10.2147
0.8000 114.1536 10.1811
0.9000 116.2449 10.2357
1.0000 117.4078 10.3739
#PMF from TI in kcal/mol
0.0000 0.0000
0.1000 10.8551
0.2000 21.7885
0.3000 32.8968
0.4000 43.9916
0.5000 55.0331
0.6000 66.1206
0.7000 77.3223
0.8000 88.6710
0.9000 100.1909
1.0000 111.8735
#MBAR free energy difference in kcal/mol: 
111.766520, 0.109587 
#TI free energy difference in kcal/mol: 
111.873544  
