# Analysing data contained in file(s) ['/home/jguven/projects/metalloenzymes/starmap/outputs/with_min/SOMD_3/lig_1~lig_8/bound/lambda_0.0000/simfile.dat', '/home/jguven/projects/metalloenzymes/starmap/outputs/with_min/SOMD_3/lig_1~lig_8/bound/lambda_0.1000/simfile.dat', '/home/jguven/projects/metalloenzymes/starmap/outputs/with_min/SOMD_3/lig_1~lig_8/bound/lambda_0.2000/simfile.dat', '/home/jguven/projects/metalloenzymes/starmap/outputs/with_min/SOMD_3/lig_1~lig_8/bound/lambda_0.3000/simfile.dat', '/home/jguven/projects/metalloenzymes/starmap/outputs/with_min/SOMD_3/lig_1~lig_8/bound/lambda_0.4000/simfile.dat', '/home/jguven/projects/metalloenzymes/starmap/outputs/with_min/SOMD_3/lig_1~lig_8/bound/lambda_0.5000/simfile.dat', '/home/jguven/projects/metalloenzymes/starmap/outputs/with_min/SOMD_3/lig_1~lig_8/bound/lambda_0.6000/simfile.dat', '/home/jguven/projects/metalloenzymes/starmap/outputs/with_min/SOMD_3/lig_1~lig_8/bound/lambda_0.7000/simfile.dat', '/home/jguven/projects/metalloenzymes/starmap/outputs/with_min/SOMD_3/lig_1~lig_8/bound/lambda_0.8000/simfile.dat', '/home/jguven/projects/metalloenzymes/starmap/outputs/with_min/SOMD_3/lig_1~lig_8/bound/lambda_0.9000/simfile.dat', '/home/jguven/projects/metalloenzymes/starmap/outputs/with_min/SOMD_3/lig_1~lig_8/bound/lambda_1.0000/simfile.dat']
#Overlap matrix
0.7807 0.2110 0.0082 0.0000 0.0000 0.0000 0.0000 0.0000 0.0000 0.0000 0.0000
0.2110 0.5780 0.2020 0.0089 0.0001 0.0000 0.0000 0.0000 0.0000 0.0000 0.0000
0.0082 0.2020 0.5743 0.2058 0.0096 0.0001 0.0000 0.0000 0.0000 0.0000 0.0000
0.0000 0.0089 0.2058 0.5754 0.2013 0.0085 0.0001 0.0000 0.0000 0.0000 0.0000
0.0000 0.0001 0.0096 0.2013 0.5743 0.2035 0.0112 0.0001 0.0000 0.0000 0.0000
0.0000 0.0000 0.0001 0.0085 0.2035 0.5632 0.2139 0.0108 0.0001 0.0000 0.0000
0.0000 0.0000 0.0000 0.0001 0.0112 0.2139 0.5588 0.2058 0.0102 0.0001 0.0000
0.0000 0.0000 0.0000 0.0000 0.0001 0.0108 0.2058 0.5718 0.2030 0.0085 0.0000
0.0000 0.0000 0.0000 0.0000 0.0000 0.0001 0.0102 0.2030 0.5888 0.1923 0.0056
0.0000 0.0000 0.0000 0.0000 0.0000 0.0000 0.0001 0.0085 0.1923 0.6278 0.1714
0.0000 0.0000 0.0000 0.0000 0.0000 0.0000 0.0000 0.0000 0.0056 0.1714 0.8230
#DG from neighbouring lambda in kcal/mol
0.0000 0.1000 9.5887 0.0329
0.1000 0.2000 8.8505 0.0329
0.2000 0.3000 8.0841 0.0323
0.3000 0.4000 7.3160 0.0329
0.4000 0.5000 6.4288 0.0324
0.5000 0.6000 5.6823 0.0308
0.6000 0.7000 4.9448 0.0320
0.7000 0.8000 4.3208 0.0326
0.8000 0.9000 3.9119 0.0347
0.9000 1.0000 3.7290 0.0392
#PMF from MBAR in kcal/mol
0.0000 0.0000 0.0000
0.1000 9.5887 0.0329
0.2000 18.4393 0.0535
0.3000 26.5234 0.0678
0.4000 33.8393 0.0798
0.5000 40.2681 0.0901
0.6000 45.9505 0.0987
0.7000 50.8952 0.1069
0.8000 55.2160 0.1148
0.9000 59.1279 0.1227
1.0000 62.8570 0.1316
#TI average gradients and standard deviation in kcal/mol
0.0000 97.9211 13.2199
0.1000 92.7739 12.5585
0.2000 84.8754 12.7110
0.3000 77.3491 12.7696
0.4000 68.2040 12.9397
0.5000 60.4121 12.3710
0.6000 53.5252 11.9098
0.7000 45.0254 12.6926
0.8000 39.9507 13.2624
0.9000 38.5870 14.5044
1.0000 37.3151 15.6500
#PMF from TI in kcal/mol
0.0000 0.0000
0.1000 9.5347
0.2000 18.4172
0.3000 26.5284
0.4000 33.8061
0.5000 40.2369
0.6000 45.9338
0.7000 50.8613
0.8000 55.1101
0.9000 59.0370
1.0000 62.8321
#MBAR free energy difference in kcal/mol: 
62.856959, 0.131615 
#TI free energy difference in kcal/mol: 
62.832081  
