# Analysing data contained in file(s) ['/home/jguven/projects/metalloenzymes/kpc2/outputs/SOMD/lig_12~lig_14/unbound/lambda_0.0000/simfile.dat', '/home/jguven/projects/metalloenzymes/kpc2/outputs/SOMD/lig_12~lig_14/unbound/lambda_0.1000/simfile.dat', '/home/jguven/projects/metalloenzymes/kpc2/outputs/SOMD/lig_12~lig_14/unbound/lambda_0.2000/simfile.dat', '/home/jguven/projects/metalloenzymes/kpc2/outputs/SOMD/lig_12~lig_14/unbound/lambda_0.3000/simfile.dat', '/home/jguven/projects/metalloenzymes/kpc2/outputs/SOMD/lig_12~lig_14/unbound/lambda_0.4000/simfile.dat', '/home/jguven/projects/metalloenzymes/kpc2/outputs/SOMD/lig_12~lig_14/unbound/lambda_0.5000/simfile.dat', '/home/jguven/projects/metalloenzymes/kpc2/outputs/SOMD/lig_12~lig_14/unbound/lambda_0.6000/simfile.dat', '/home/jguven/projects/metalloenzymes/kpc2/outputs/SOMD/lig_12~lig_14/unbound/lambda_0.7000/simfile.dat', '/home/jguven/projects/metalloenzymes/kpc2/outputs/SOMD/lig_12~lig_14/unbound/lambda_0.8000/simfile.dat', '/home/jguven/projects/metalloenzymes/kpc2/outputs/SOMD/lig_12~lig_14/unbound/lambda_0.9000/simfile.dat', '/home/jguven/projects/metalloenzymes/kpc2/outputs/SOMD/lig_12~lig_14/unbound/lambda_1.0000/simfile.dat']
#Overlap matrix
0.7945 0.1948 0.0106 0.0002 0.0000 0.0000 0.0000 0.0000 0.0000 0.0000 0.0000
0.1948 0.5796 0.2083 0.0170 0.0003 0.0000 0.0000 0.0000 0.0000 0.0000 0.0000
0.0106 0.2083 0.5349 0.2272 0.0187 0.0003 0.0000 0.0000 0.0000 0.0000 0.0000
0.0002 0.0170 0.2272 0.5192 0.2189 0.0173 0.0003 0.0000 0.0000 0.0000 0.0000
0.0000 0.0003 0.0187 0.2189 0.5337 0.2135 0.0147 0.0002 0.0000 0.0000 0.0000
0.0000 0.0000 0.0003 0.0173 0.2135 0.5614 0.1986 0.0089 0.0001 0.0000 0.0000
0.0000 0.0000 0.0000 0.0003 0.0147 0.1986 0.5900 0.1902 0.0062 0.0000 0.0000
0.0000 0.0000 0.0000 0.0000 0.0002 0.0089 0.1902 0.6313 0.1659 0.0035 0.0000
0.0000 0.0000 0.0000 0.0000 0.0000 0.0001 0.0062 0.1659 0.6823 0.1442 0.0013
0.0000 0.0000 0.0000 0.0000 0.0000 0.0000 0.0000 0.0035 0.1442 0.7365 0.1157
0.0000 0.0000 0.0000 0.0000 0.0000 0.0000 0.0000 0.0000 0.0013 0.1157 0.8830
#DG from neighbouring lambda in kcal/mol
0.0000 0.1000 -3.1949 0.0323
0.1000 0.2000 -3.0599 0.0286
0.2000 0.3000 -3.1462 0.0258
0.3000 0.4000 -3.3756 0.0266
0.4000 0.5000 -3.5669 0.0276
0.5000 0.6000 -3.6826 0.0302
0.6000 0.7000 -3.8808 0.0323
0.7000 0.8000 -3.9303 0.0366
0.8000 0.9000 -3.6938 0.0413
0.9000 1.0000 -3.1830 0.0487
#PMF from MBAR in kcal/mol
0.0000 0.0000 0.0000
0.1000 -3.1949 0.0323
0.2000 -6.2548 0.0492
0.3000 -9.4010 0.0601
0.4000 -12.7766 0.0696
0.5000 -16.3435 0.0783
0.6000 -20.0261 0.0870
0.7000 -23.9068 0.0959
0.8000 -27.8371 0.1055
0.9000 -31.5309 0.1161
1.0000 -34.7139 0.1285
#TI average gradients and standard deviation in kcal/mol
0.0000 -38.6443 14.2722
0.1000 -30.7953 12.4891
0.2000 -31.0469 11.7312
0.3000 -32.9516 11.3998
0.4000 -34.8160 11.5186
0.5000 -36.1893 12.3471
0.6000 -38.0046 13.3466
0.7000 -39.6045 14.5062
0.8000 -38.9303 15.1661
0.9000 -35.1344 16.5027
1.0000 -25.7131 18.7438
#PMF from TI in kcal/mol
0.0000 0.0000
0.1000 -3.4720
0.2000 -6.5641
0.3000 -9.7640
0.4000 -13.1524
0.5000 -16.7027
0.6000 -20.4124
0.7000 -24.2928
0.8000 -28.2196
0.9000 -31.9228
1.0000 -34.9652
#MBAR free energy difference in kcal/mol: 
-34.713868, 0.128512 
#TI free energy difference in kcal/mol: 
-34.965178  
