# Analysing data contained in file(s) ['/home/jguven/projects/metalloenzymes/kpc2/outputs/SOMD/lig_4~lig_6/unbound/lambda_0.0000/simfile.dat', '/home/jguven/projects/metalloenzymes/kpc2/outputs/SOMD/lig_4~lig_6/unbound/lambda_0.1000/simfile.dat', '/home/jguven/projects/metalloenzymes/kpc2/outputs/SOMD/lig_4~lig_6/unbound/lambda_0.2000/simfile.dat', '/home/jguven/projects/metalloenzymes/kpc2/outputs/SOMD/lig_4~lig_6/unbound/lambda_0.3000/simfile.dat', '/home/jguven/projects/metalloenzymes/kpc2/outputs/SOMD/lig_4~lig_6/unbound/lambda_0.4000/simfile.dat', '/home/jguven/projects/metalloenzymes/kpc2/outputs/SOMD/lig_4~lig_6/unbound/lambda_0.5000/simfile.dat', '/home/jguven/projects/metalloenzymes/kpc2/outputs/SOMD/lig_4~lig_6/unbound/lambda_0.6000/simfile.dat', '/home/jguven/projects/metalloenzymes/kpc2/outputs/SOMD/lig_4~lig_6/unbound/lambda_0.7000/simfile.dat', '/home/jguven/projects/metalloenzymes/kpc2/outputs/SOMD/lig_4~lig_6/unbound/lambda_0.8000/simfile.dat', '/home/jguven/projects/metalloenzymes/kpc2/outputs/SOMD/lig_4~lig_6/unbound/lambda_0.9000/simfile.dat', '/home/jguven/projects/metalloenzymes/kpc2/outputs/SOMD/lig_4~lig_6/unbound/lambda_1.0000/simfile.dat']
#Overlap matrix
0.6458 0.2878 0.0614 0.0049 0.0001 0.0000 0.0000 0.0000 0.0000 0.0000 0.0000
0.2878 0.4107 0.2450 0.0528 0.0037 0.0001 0.0000 0.0000 0.0000 0.0000 0.0000
0.0614 0.2450 0.4031 0.2400 0.0473 0.0032 0.0001 0.0000 0.0000 0.0000 0.0000
0.0049 0.0528 0.2400 0.4105 0.2416 0.0475 0.0026 0.0000 0.0000 0.0000 0.0000
0.0001 0.0037 0.0473 0.2416 0.4222 0.2419 0.0412 0.0020 0.0000 0.0000 0.0000
0.0000 0.0001 0.0032 0.0475 0.2419 0.4298 0.2373 0.0382 0.0019 0.0000 0.0000
0.0000 0.0000 0.0001 0.0026 0.0412 0.2373 0.4404 0.2404 0.0365 0.0014 0.0000
0.0000 0.0000 0.0000 0.0000 0.0020 0.0382 0.2404 0.4596 0.2358 0.0235 0.0005
0.0000 0.0000 0.0000 0.0000 0.0000 0.0019 0.0365 0.2358 0.5162 0.2010 0.0087
0.0000 0.0000 0.0000 0.0000 0.0000 0.0000 0.0014 0.0235 0.2010 0.6236 0.1505
0.0000 0.0000 0.0000 0.0000 0.0000 0.0000 0.0000 0.0005 0.0087 0.1505 0.8403
#DG from neighbouring lambda in kcal/mol
0.0000 0.1000 -1.0004 0.0171
0.1000 0.2000 -1.0927 0.0168
0.2000 0.3000 -1.2424 0.0178
0.3000 0.4000 -1.4411 0.0181
0.4000 0.5000 -1.6255 0.0185
0.5000 0.6000 -1.8650 0.0195
0.6000 0.7000 -2.0324 0.0197
0.7000 0.8000 -1.7718 0.0212
0.8000 0.9000 -0.7312 0.0270
0.9000 1.0000 1.7293 0.0367
#PMF from MBAR in kcal/mol
0.0000 0.0000 0.0000
0.1000 -1.0004 0.0171
0.2000 -2.0931 0.0294
0.3000 -3.3355 0.0391
0.4000 -4.7765 0.0471
0.5000 -6.4020 0.0540
0.6000 -8.2671 0.0606
0.7000 -10.2995 0.0667
0.8000 -12.0713 0.0726
0.9000 -12.8025 0.0801
1.0000 -11.0732 0.0908
#TI average gradients and standard deviation in kcal/mol
0.0000 -11.9888 8.3370
0.1000 -10.2087 8.2484
0.2000 -11.4647 8.5950
0.3000 -13.3884 8.9619
0.4000 -15.2976 8.8638
0.5000 -17.5179 9.3486
0.6000 -19.5445 9.6323
0.7000 -19.8184 9.5868
0.8000 -13.8521 11.1725
0.9000 2.0368 14.0366
1.0000 36.2304 18.1537
#PMF from TI in kcal/mol
0.0000 0.0000
0.1000 -1.1099
0.2000 -2.1935
0.3000 -3.4362
0.4000 -4.8705
0.5000 -6.5113
0.6000 -8.3644
0.7000 -10.3325
0.8000 -12.0161
0.9000 -12.6068
1.0000 -10.6935
#MBAR free energy difference in kcal/mol: 
-11.073210, 0.090795 
#TI free energy difference in kcal/mol: 
-10.693469  
