# Analysing data contained in file(s) ['/home/jguven/projects/metalloenzymes/kpc2/outputs/SOMD/lig_4~lig_6/unbound/lambda_0.0000/simfile.dat', '/home/jguven/projects/metalloenzymes/kpc2/outputs/SOMD/lig_4~lig_6/unbound/lambda_0.1000/simfile.dat', '/home/jguven/projects/metalloenzymes/kpc2/outputs/SOMD/lig_4~lig_6/unbound/lambda_0.2000/simfile.dat', '/home/jguven/projects/metalloenzymes/kpc2/outputs/SOMD/lig_4~lig_6/unbound/lambda_0.3000/simfile.dat', '/home/jguven/projects/metalloenzymes/kpc2/outputs/SOMD/lig_4~lig_6/unbound/lambda_0.4000/simfile.dat', '/home/jguven/projects/metalloenzymes/kpc2/outputs/SOMD/lig_4~lig_6/unbound/lambda_0.5000/simfile.dat', '/home/jguven/projects/metalloenzymes/kpc2/outputs/SOMD/lig_4~lig_6/unbound/lambda_0.6000/simfile.dat', '/home/jguven/projects/metalloenzymes/kpc2/outputs/SOMD/lig_4~lig_6/unbound/lambda_0.7000/simfile.dat', '/home/jguven/projects/metalloenzymes/kpc2/outputs/SOMD/lig_4~lig_6/unbound/lambda_0.8000/simfile.dat', '/home/jguven/projects/metalloenzymes/kpc2/outputs/SOMD/lig_4~lig_6/unbound/lambda_0.9000/simfile.dat', '/home/jguven/projects/metalloenzymes/kpc2/outputs/SOMD/lig_4~lig_6/unbound/lambda_1.0000/simfile.dat']
#Overlap matrix
0.7995 0.1952 0.0053 0.0000 0.0000 0.0000 0.0000 0.0000 0.0000 0.0000 0.0000
0.1952 0.6221 0.1792 0.0035 0.0000 0.0000 0.0000 0.0000 0.0000 0.0000 0.0000
0.0053 0.1792 0.6536 0.1600 0.0019 0.0000 0.0000 0.0000 0.0000 0.0000 0.0000
0.0000 0.0035 0.1600 0.6760 0.1591 0.0015 0.0000 0.0000 0.0000 0.0000 0.0000
0.0000 0.0000 0.0019 0.1591 0.6952 0.1431 0.0008 0.0000 0.0000 0.0000 0.0000
0.0000 0.0000 0.0000 0.0015 0.1431 0.7186 0.1363 0.0005 0.0000 0.0000 0.0000
0.0000 0.0000 0.0000 0.0000 0.0008 0.1363 0.7350 0.1276 0.0004 0.0000 0.0000
0.0000 0.0000 0.0000 0.0000 0.0000 0.0005 0.1276 0.7551 0.1167 0.0002 0.0000
0.0000 0.0000 0.0000 0.0000 0.0000 0.0000 0.0004 0.1167 0.7810 0.1018 0.0001
0.0000 0.0000 0.0000 0.0000 0.0000 0.0000 0.0000 0.0002 0.1018 0.8106 0.0874
0.0000 0.0000 0.0000 0.0000 0.0000 0.0000 0.0000 0.0000 0.0001 0.0874 0.9124
#DG from neighbouring lambda in kcal/mol
0.0000 0.1000 0.5519 0.0321
0.1000 0.2000 0.4892 0.0339
0.2000 0.3000 0.4687 0.0374
0.3000 0.4000 0.3564 0.0379
0.4000 0.5000 0.4033 0.0411
0.5000 0.6000 0.3482 0.0427
0.6000 0.7000 0.3624 0.0447
0.7000 0.8000 0.4793 0.0475
0.8000 0.9000 0.4107 0.0519
0.9000 1.0000 0.5069 0.0570
#PMF from MBAR in kcal/mol
0.0000 0.0000 0.0000
0.1000 0.5519 0.0321
0.2000 1.0411 0.0527
0.3000 1.5098 0.0692
0.4000 1.8662 0.0829
0.5000 2.2695 0.0959
0.6000 2.6177 0.1081
0.7000 2.9801 0.1198
0.8000 3.4594 0.1315
0.9000 3.8701 0.1437
1.0000 4.3770 0.1568
#TI average gradients and standard deviation in kcal/mol
0.0000 6.0479 12.3122
0.1000 4.9721 13.1562
0.2000 4.9227 13.9770
0.3000 4.0364 14.7177
0.4000 4.4688 15.4472
0.5000 3.6083 16.1717
0.6000 3.7139 16.6288
0.7000 3.9896 17.0331
0.8000 4.2100 17.3645
0.9000 4.4765 18.1009
1.0000 2.4250 19.8311
#PMF from TI in kcal/mol
0.0000 0.0000
0.1000 0.5510
0.2000 1.0457
0.3000 1.4937
0.4000 1.9190
0.5000 2.3228
0.6000 2.6889
0.7000 3.0741
0.8000 3.4841
0.9000 3.9184
1.0000 4.2635
#MBAR free energy difference in kcal/mol: 
4.377044, 0.156838 
#TI free energy difference in kcal/mol: 
4.263467  
