# Analysing data contained in file(s) ['/home/jguven/projects/metalloenzymes/kpc2/outputs/SOMD/lig_16~lig_10/unbound/lambda_0.0000/simfile.dat', '/home/jguven/projects/metalloenzymes/kpc2/outputs/SOMD/lig_16~lig_10/unbound/lambda_0.0625/simfile.dat', '/home/jguven/projects/metalloenzymes/kpc2/outputs/SOMD/lig_16~lig_10/unbound/lambda_0.1250/simfile.dat', '/home/jguven/projects/metalloenzymes/kpc2/outputs/SOMD/lig_16~lig_10/unbound/lambda_0.1875/simfile.dat', '/home/jguven/projects/metalloenzymes/kpc2/outputs/SOMD/lig_16~lig_10/unbound/lambda_0.2500/simfile.dat', '/home/jguven/projects/metalloenzymes/kpc2/outputs/SOMD/lig_16~lig_10/unbound/lambda_0.3125/simfile.dat', '/home/jguven/projects/metalloenzymes/kpc2/outputs/SOMD/lig_16~lig_10/unbound/lambda_0.3750/simfile.dat', '/home/jguven/projects/metalloenzymes/kpc2/outputs/SOMD/lig_16~lig_10/unbound/lambda_0.4375/simfile.dat', '/home/jguven/projects/metalloenzymes/kpc2/outputs/SOMD/lig_16~lig_10/unbound/lambda_0.5000/simfile.dat', '/home/jguven/projects/metalloenzymes/kpc2/outputs/SOMD/lig_16~lig_10/unbound/lambda_0.5625/simfile.dat', '/home/jguven/projects/metalloenzymes/kpc2/outputs/SOMD/lig_16~lig_10/unbound/lambda_0.6250/simfile.dat', '/home/jguven/projects/metalloenzymes/kpc2/outputs/SOMD/lig_16~lig_10/unbound/lambda_0.6875/simfile.dat', '/home/jguven/projects/metalloenzymes/kpc2/outputs/SOMD/lig_16~lig_10/unbound/lambda_0.7500/simfile.dat', '/home/jguven/projects/metalloenzymes/kpc2/outputs/SOMD/lig_16~lig_10/unbound/lambda_0.8125/simfile.dat', '/home/jguven/projects/metalloenzymes/kpc2/outputs/SOMD/lig_16~lig_10/unbound/lambda_0.8750/simfile.dat', '/home/jguven/projects/metalloenzymes/kpc2/outputs/SOMD/lig_16~lig_10/unbound/lambda_0.9375/simfile.dat', '/home/jguven/projects/metalloenzymes/kpc2/outputs/SOMD/lig_16~lig_10/unbound/lambda_1.0000/simfile.dat']
#Overlap matrix
0.7667 0.2170 0.0158 0.0005 0.0000 0.0000 0.0000 0.0000 0.0000 0.0000 0.0000 0.0000 0.0000 0.0000 0.0000 0.0000 0.0000
0.2170 0.5418 0.2147 0.0251 0.0014 0.0000 0.0000 0.0000 0.0000 0.0000 0.0000 0.0000 0.0000 0.0000 0.0000 0.0000 0.0000
0.0158 0.2147 0.4965 0.2336 0.0368 0.0025 0.0001 0.0000 0.0000 0.0000 0.0000 0.0000 0.0000 0.0000 0.0000 0.0000 0.0000
0.0005 0.0251 0.2336 0.4520 0.2396 0.0456 0.0035 0.0001 0.0000 0.0000 0.0000 0.0000 0.0000 0.0000 0.0000 0.0000 0.0000
0.0000 0.0014 0.0368 0.2396 0.4269 0.2400 0.0509 0.0042 0.0001 0.0000 0.0000 0.0000 0.0000 0.0000 0.0000 0.0000 0.0000
0.0000 0.0000 0.0025 0.0456 0.2400 0.4092 0.2434 0.0544 0.0048 0.0002 0.0000 0.0000 0.0000 0.0000 0.0000 0.0000 0.0000
0.0000 0.0000 0.0001 0.0035 0.0509 0.2434 0.3981 0.2427 0.0564 0.0048 0.0001 0.0000 0.0000 0.0000 0.0000 0.0000 0.0000
0.0000 0.0000 0.0000 0.0001 0.0042 0.0544 0.2427 0.3963 0.2438 0.0541 0.0042 0.0001 0.0000 0.0000 0.0000 0.0000 0.0000
0.0000 0.0000 0.0000 0.0000 0.0001 0.0048 0.0564 0.2438 0.3983 0.2408 0.0519 0.0037 0.0001 0.0000 0.0000 0.0000 0.0000
0.0000 0.0000 0.0000 0.0000 0.0000 0.0002 0.0048 0.0541 0.2408 0.4064 0.2417 0.0486 0.0034 0.0001 0.0000 0.0000 0.0000
0.0000 0.0000 0.0000 0.0000 0.0000 0.0000 0.0001 0.0042 0.0519 0.2417 0.4095 0.2398 0.0489 0.0038 0.0001 0.0000 0.0000
0.0000 0.0000 0.0000 0.0000 0.0000 0.0000 0.0000 0.0001 0.0037 0.0486 0.2398 0.4095 0.2417 0.0526 0.0040 0.0001 0.0000
0.0000 0.0000 0.0000 0.0000 0.0000 0.0000 0.0000 0.0000 0.0001 0.0034 0.0489 0.2417 0.4066 0.2452 0.0507 0.0034 0.0001
0.0000 0.0000 0.0000 0.0000 0.0000 0.0000 0.0000 0.0000 0.0000 0.0001 0.0038 0.0526 0.2452 0.4081 0.2408 0.0466 0.0028
0.0000 0.0000 0.0000 0.0000 0.0000 0.0000 0.0000 0.0000 0.0000 0.0000 0.0001 0.0040 0.0507 0.2408 0.4177 0.2412 0.0455
0.0000 0.0000 0.0000 0.0000 0.0000 0.0000 0.0000 0.0000 0.0000 0.0000 0.0000 0.0001 0.0034 0.0466 0.2412 0.4342 0.2746
0.0000 0.0000 0.0000 0.0000 0.0000 0.0000 0.0000 0.0000 0.0000 0.0000 0.0000 0.0000 0.0001 0.0028 0.0455 0.2746 0.6770
#DG from neighbouring lambda in kcal/mol
0.0000 0.0625 0.4750 0.0301
0.0625 0.1250 1.2474 0.0276
0.1250 0.1875 1.7900 0.0236
0.1875 0.2500 2.2097 0.0213
0.2500 0.3125 2.4891 0.0202
0.3125 0.3750 2.6608 0.0192
0.3750 0.4375 2.8027 0.0188
0.4375 0.5000 2.9319 0.0187
0.5000 0.5625 3.0309 0.0193
0.5625 0.6250 3.1073 0.0197
0.6250 0.6875 3.1617 0.0200
0.6875 0.7500 3.2476 0.0196
0.7500 0.8125 3.4106 0.0192
0.8125 0.8750 3.5799 0.0200
0.8750 0.9375 3.7183 0.0206
0.9375 1.0000 3.8674 0.0214
#PMF from MBAR in kcal/mol
0.0000 0.0000 0.0000
0.0625 0.4750 0.0301
0.1250 1.7224 0.0473
0.1875 3.5124 0.0575
0.2500 5.7222 0.0651
0.3125 8.2113 0.0713
0.3750 10.8720 0.0766
0.4375 13.6747 0.0815
0.5000 16.6067 0.0861
0.5625 19.6376 0.0906
0.6250 22.7449 0.0950
0.6875 25.9067 0.0993
0.7500 29.1543 0.1034
0.8125 32.5649 0.1071
0.8750 36.1448 0.1110
0.9375 39.8632 0.1148
1.0000 43.7305 0.1188
#TI average gradients and standard deviation in kcal/mol
0.0000 -0.0668 21.5177
0.0625 14.3447 19.5883
0.1250 24.2239 17.0976
0.1875 32.9496 15.5998
0.2500 37.5677 14.8973
0.3125 41.7441 13.7464
0.3750 44.0148 13.6326
0.4375 45.7301 13.8151
0.5000 47.7326 14.2199
0.5625 48.7020 14.4573
0.6250 50.3273 14.2799
0.6875 51.3874 14.3601
0.7500 53.5749 14.3559
0.8125 56.1239 14.3078
0.8750 58.2277 14.8021
0.9375 60.7698 14.8280
1.0000 67.3509 15.0736
#PMF from TI in kcal/mol
0.0000 0.0000
0.0625 0.4462
0.1250 1.6515
0.1875 3.4381
0.2500 5.6418
0.3125 8.1203
0.3750 10.8002
0.4375 13.6048
0.5000 16.5255
0.5625 19.5391
0.6250 22.6337
0.6875 25.8123
0.7500 29.0924
0.8125 32.5205
0.8750 36.0940
0.9375 39.8126
1.0000 43.8164
#MBAR free energy difference in kcal/mol: 
43.730532, 0.118754 
#TI free energy difference in kcal/mol: 
43.816416  
