# Analysing data contained in file(s) ['/home/jguven/projects/metalloenzymes/kpc2/outputs/SOMD/lig_16~lig_10/unbound/lambda_0.0000/simfile.dat', '/home/jguven/projects/metalloenzymes/kpc2/outputs/SOMD/lig_16~lig_10/unbound/lambda_0.0625/simfile.dat', '/home/jguven/projects/metalloenzymes/kpc2/outputs/SOMD/lig_16~lig_10/unbound/lambda_0.1250/simfile.dat', '/home/jguven/projects/metalloenzymes/kpc2/outputs/SOMD/lig_16~lig_10/unbound/lambda_0.1875/simfile.dat', '/home/jguven/projects/metalloenzymes/kpc2/outputs/SOMD/lig_16~lig_10/unbound/lambda_0.2500/simfile.dat', '/home/jguven/projects/metalloenzymes/kpc2/outputs/SOMD/lig_16~lig_10/unbound/lambda_0.3125/simfile.dat', '/home/jguven/projects/metalloenzymes/kpc2/outputs/SOMD/lig_16~lig_10/unbound/lambda_0.3750/simfile.dat', '/home/jguven/projects/metalloenzymes/kpc2/outputs/SOMD/lig_16~lig_10/unbound/lambda_0.4375/simfile.dat', '/home/jguven/projects/metalloenzymes/kpc2/outputs/SOMD/lig_16~lig_10/unbound/lambda_0.5000/simfile.dat', '/home/jguven/projects/metalloenzymes/kpc2/outputs/SOMD/lig_16~lig_10/unbound/lambda_0.5625/simfile.dat', '/home/jguven/projects/metalloenzymes/kpc2/outputs/SOMD/lig_16~lig_10/unbound/lambda_0.6250/simfile.dat', '/home/jguven/projects/metalloenzymes/kpc2/outputs/SOMD/lig_16~lig_10/unbound/lambda_0.6875/simfile.dat', '/home/jguven/projects/metalloenzymes/kpc2/outputs/SOMD/lig_16~lig_10/unbound/lambda_0.7500/simfile.dat', '/home/jguven/projects/metalloenzymes/kpc2/outputs/SOMD/lig_16~lig_10/unbound/lambda_0.8125/simfile.dat', '/home/jguven/projects/metalloenzymes/kpc2/outputs/SOMD/lig_16~lig_10/unbound/lambda_0.8750/simfile.dat', '/home/jguven/projects/metalloenzymes/kpc2/outputs/SOMD/lig_16~lig_10/unbound/lambda_0.9375/simfile.dat', '/home/jguven/projects/metalloenzymes/kpc2/outputs/SOMD/lig_16~lig_10/unbound/lambda_1.0000/simfile.dat']
#Overlap matrix
0.6215 0.2895 0.0771 0.0111 0.0008 0.0000 0.0000 0.0000 0.0000 0.0000 0.0000 0.0000 0.0000 0.0000 0.0000 0.0000 0.0000
0.2895 0.3768 0.2441 0.0773 0.0114 0.0008 0.0000 0.0000 0.0000 0.0000 0.0000 0.0000 0.0000 0.0000 0.0000 0.0000 0.0000
0.0771 0.2441 0.3532 0.2382 0.0747 0.0117 0.0010 0.0000 0.0000 0.0000 0.0000 0.0000 0.0000 0.0000 0.0000 0.0000 0.0000
0.0111 0.0773 0.2382 0.3447 0.2357 0.0787 0.0130 0.0011 0.0000 0.0000 0.0000 0.0000 0.0000 0.0000 0.0000 0.0000 0.0000
0.0008 0.0114 0.0747 0.2357 0.3451 0.2381 0.0800 0.0132 0.0011 0.0000 0.0000 0.0000 0.0000 0.0000 0.0000 0.0000 0.0000
0.0000 0.0008 0.0117 0.0787 0.2381 0.3421 0.2397 0.0767 0.0111 0.0008 0.0000 0.0000 0.0000 0.0000 0.0000 0.0000 0.0000
0.0000 0.0000 0.0010 0.0130 0.0800 0.2397 0.3543 0.2368 0.0657 0.0088 0.0007 0.0000 0.0000 0.0000 0.0000 0.0000 0.0000
0.0000 0.0000 0.0000 0.0011 0.0132 0.0767 0.2368 0.3703 0.2319 0.0609 0.0084 0.0006 0.0000 0.0000 0.0000 0.0000 0.0000
0.0000 0.0000 0.0000 0.0000 0.0011 0.0111 0.0657 0.2319 0.3808 0.2377 0.0633 0.0078 0.0005 0.0000 0.0000 0.0000 0.0000
0.0000 0.0000 0.0000 0.0000 0.0000 0.0008 0.0088 0.0609 0.2377 0.3887 0.2395 0.0568 0.0065 0.0003 0.0000 0.0000 0.0000
0.0000 0.0000 0.0000 0.0000 0.0000 0.0000 0.0007 0.0084 0.0633 0.2395 0.3937 0.2366 0.0529 0.0047 0.0002 0.0000 0.0000
0.0000 0.0000 0.0000 0.0000 0.0000 0.0000 0.0000 0.0006 0.0078 0.0568 0.2366 0.4169 0.2359 0.0427 0.0027 0.0001 0.0000
0.0000 0.0000 0.0000 0.0000 0.0000 0.0000 0.0000 0.0000 0.0005 0.0065 0.0529 0.2359 0.4373 0.2333 0.0324 0.0012 0.0000
0.0000 0.0000 0.0000 0.0000 0.0000 0.0000 0.0000 0.0000 0.0000 0.0003 0.0047 0.0427 0.2333 0.4728 0.2254 0.0204 0.0004
0.0000 0.0000 0.0000 0.0000 0.0000 0.0000 0.0000 0.0000 0.0000 0.0000 0.0002 0.0027 0.0324 0.2254 0.5184 0.2091 0.0117
0.0000 0.0000 0.0000 0.0000 0.0000 0.0000 0.0000 0.0000 0.0000 0.0000 0.0000 0.0001 0.0012 0.0204 0.2091 0.5701 0.1991
0.0000 0.0000 0.0000 0.0000 0.0000 0.0000 0.0000 0.0000 0.0000 0.0000 0.0000 0.0000 0.0000 0.0004 0.0117 0.1991 0.7888
#DG from neighbouring lambda in kcal/mol
0.0000 0.0625 -1.0640 0.0163
0.0625 0.1250 -1.1929 0.0148
0.1250 0.1875 -1.3604 0.0147
0.1875 0.2500 -1.5581 0.0146
0.2500 0.3125 -1.7169 0.0141
0.3125 0.3750 -1.8052 0.0142
0.3750 0.4375 -1.8368 0.0153
0.4375 0.5000 -1.9237 0.0166
0.5000 0.5625 -2.0431 0.0166
0.5625 0.6250 -2.0984 0.0168
0.6250 0.6875 -2.1112 0.0178
0.6875 0.7500 -2.0393 0.0190
0.7500 0.8125 -1.8901 0.0208
0.8125 0.8750 -1.6222 0.0235
0.8750 0.9375 -1.2195 0.0271
0.9375 1.0000 -0.6642 0.0306
#PMF from MBAR in kcal/mol
0.0000 0.0000 0.0000
0.0625 -1.0640 0.0163
0.1250 -2.2569 0.0275
0.1875 -3.6173 0.0356
0.2500 -5.1754 0.0423
0.3125 -6.8923 0.0478
0.3750 -8.6975 0.0527
0.4375 -10.5343 0.0574
0.5000 -12.4581 0.0624
0.5625 -14.5012 0.0670
0.6250 -16.5996 0.0713
0.6875 -18.7107 0.0757
0.7500 -20.7500 0.0802
0.8125 -22.6401 0.0851
0.8750 -24.2623 0.0906
0.9375 -25.4818 0.0971
1.0000 -26.1460 0.1043
#TI average gradients and standard deviation in kcal/mol
0.0000 -25.1598 12.6906
0.0625 -18.0742 12.6719
0.1250 -20.5474 12.2207
0.1875 -23.3867 12.3773
0.2500 -26.4932 12.0440
0.3125 -28.4368 11.7948
0.3750 -29.0221 12.1775
0.4375 -29.6535 13.4223
0.5000 -31.8163 13.4077
0.5625 -33.0279 14.0499
0.6250 -33.4601 13.7646
0.6875 -32.8913 14.6480
0.7500 -31.7757 15.1185
0.8125 -27.8926 16.5011
0.8750 -23.0803 18.0762
0.9375 -14.8497 20.2120
1.0000 -4.7374 22.1315
#PMF from TI in kcal/mol
0.0000 0.0000
0.0625 -1.3511
0.1250 -2.5580
0.1875 -3.9309
0.2500 -5.4897
0.3125 -7.2062
0.3750 -9.0018
0.4375 -10.8354
0.5000 -12.7564
0.5625 -14.7827
0.6250 -16.8605
0.6875 -18.9340
0.7500 -20.9548
0.8125 -22.8195
0.8750 -24.4124
0.9375 -25.5977
1.0000 -26.2098
#MBAR free energy difference in kcal/mol: 
-26.146019, 0.104324 
#TI free energy difference in kcal/mol: 
-26.209767  
