# Analysing data contained in file(s) ['/home/jguven/projects/metalloenzymes/starmap/outputs/with_min/SOMD_1/lig_1~lig_16/bound/lambda_0.0000/simfile.dat', '/home/jguven/projects/metalloenzymes/starmap/outputs/with_min/SOMD_1/lig_1~lig_16/bound/lambda_0.1000/simfile.dat', '/home/jguven/projects/metalloenzymes/starmap/outputs/with_min/SOMD_1/lig_1~lig_16/bound/lambda_0.2000/simfile.dat', '/home/jguven/projects/metalloenzymes/starmap/outputs/with_min/SOMD_1/lig_1~lig_16/bound/lambda_0.3000/simfile.dat', '/home/jguven/projects/metalloenzymes/starmap/outputs/with_min/SOMD_1/lig_1~lig_16/bound/lambda_0.4000/simfile.dat', '/home/jguven/projects/metalloenzymes/starmap/outputs/with_min/SOMD_1/lig_1~lig_16/bound/lambda_0.5000/simfile.dat', '/home/jguven/projects/metalloenzymes/starmap/outputs/with_min/SOMD_1/lig_1~lig_16/bound/lambda_0.6000/simfile.dat', '/home/jguven/projects/metalloenzymes/starmap/outputs/with_min/SOMD_1/lig_1~lig_16/bound/lambda_0.7000/simfile.dat', '/home/jguven/projects/metalloenzymes/starmap/outputs/with_min/SOMD_1/lig_1~lig_16/bound/lambda_0.8000/simfile.dat', '/home/jguven/projects/metalloenzymes/starmap/outputs/with_min/SOMD_1/lig_1~lig_16/bound/lambda_0.9000/simfile.dat', '/home/jguven/projects/metalloenzymes/starmap/outputs/with_min/SOMD_1/lig_1~lig_16/bound/lambda_1.0000/simfile.dat']
#Overlap matrix
0.8060 0.1494 0.0404 0.0040 0.0001 0.0000 0.0000 0.0000 0.0000 0.0000 0.0000
0.4482 0.2871 0.2088 0.0514 0.0043 0.0001 0.0000 0.0000 0.0000 0.0000 0.0000
0.1212 0.2088 0.3760 0.2360 0.0532 0.0046 0.0001 0.0000 0.0000 0.0000 0.0000
0.0121 0.0514 0.2360 0.3975 0.2425 0.0558 0.0045 0.0001 0.0000 0.0000 0.0000
0.0004 0.0043 0.0532 0.2425 0.3987 0.2440 0.0527 0.0041 0.0001 0.0000 0.0000
0.0000 0.0001 0.0046 0.0558 0.2440 0.4002 0.2393 0.0519 0.0040 0.0001 0.0000
0.0000 0.0000 0.0001 0.0045 0.0527 0.2393 0.4042 0.2433 0.0520 0.0038 0.0001
0.0000 0.0000 0.0000 0.0001 0.0041 0.0519 0.2433 0.4047 0.2431 0.0497 0.0031
0.0000 0.0000 0.0000 0.0000 0.0001 0.0040 0.0520 0.2431 0.4139 0.2421 0.0447
0.0000 0.0000 0.0000 0.0000 0.0000 0.0001 0.0038 0.0497 0.2421 0.4354 0.2689
0.0000 0.0000 0.0000 0.0000 0.0000 0.0000 0.0001 0.0031 0.0447 0.2689 0.6833
#DG from neighbouring lambda in kcal/mol
0.0000 0.1000 6.4097 0.0070
0.1000 0.2000 5.8884 0.0087
0.2000 0.3000 5.3458 0.0094
0.3000 0.4000 4.8004 0.0092
0.4000 0.5000 4.2819 0.0092
0.5000 0.6000 3.7314 0.0095
0.6000 0.7000 3.1674 0.0094
0.7000 0.8000 2.6073 0.0095
0.8000 0.9000 2.0168 0.0099
0.9000 1.0000 1.3840 0.0107
#PMF from MBAR in kcal/mol
0.0000 0.0000 0.0000
0.1000 6.4097 0.0070
0.2000 12.2981 0.0139
0.3000 17.6439 0.0196
0.4000 22.4443 0.0239
0.5000 26.7261 0.0274
0.6000 30.4575 0.0308
0.7000 33.6249 0.0337
0.8000 36.2322 0.0365
0.9000 38.2490 0.0391
1.0000 39.6330 0.0419
#TI average gradients and standard deviation in kcal/mol
0.0000 67.6803 8.6764
0.1000 20.3051 29.1353
0.2000 19.0542 27.4044
0.3000 16.9172 24.4315
0.4000 15.1032 21.9411
0.5000 13.4406 19.6745
0.6000 11.3612 16.8738
0.7000 9.6634 14.6164
0.8000 7.7793 12.1781
0.9000 5.7846 9.7825
1.0000 3.5555 7.3655
#PMF from TI in kcal/mol
0.0000 0.0000
0.1000 4.3993
0.2000 6.3672
0.3000 8.1658
0.4000 9.7668
0.5000 11.1940
0.6000 12.4341
0.7000 13.4853
0.8000 14.3575
0.9000 15.0357
1.0000 15.5027
#MBAR free energy difference in kcal/mol: 
39.633041, 0.041908  #WARNING SUBSAMPLING DISABLED, CONSIDER RERUN WITH SUBSAMPLING OPTION
#TI free energy difference in kcal/mol: 
15.502665  #WARNING SUBSAMPLING DISABLED, CONSIDER RERUN WITH SUBSAMPLING OPTION 
