# Analysing data contained in file(s) ['/home/jguven/projects/metalloenzymes/starmap/outputs/with_min/SOMD_2/lig_1~lig_10/bound/lambda_0.0000/simfile.dat', '/home/jguven/projects/metalloenzymes/starmap/outputs/with_min/SOMD_2/lig_1~lig_10/bound/lambda_0.1000/simfile.dat', '/home/jguven/projects/metalloenzymes/starmap/outputs/with_min/SOMD_2/lig_1~lig_10/bound/lambda_0.2000/simfile.dat', '/home/jguven/projects/metalloenzymes/starmap/outputs/with_min/SOMD_2/lig_1~lig_10/bound/lambda_0.3000/simfile.dat', '/home/jguven/projects/metalloenzymes/starmap/outputs/with_min/SOMD_2/lig_1~lig_10/bound/lambda_0.4000/simfile.dat', '/home/jguven/projects/metalloenzymes/starmap/outputs/with_min/SOMD_2/lig_1~lig_10/bound/lambda_0.5000/simfile.dat', '/home/jguven/projects/metalloenzymes/starmap/outputs/with_min/SOMD_2/lig_1~lig_10/bound/lambda_0.6000/simfile.dat', '/home/jguven/projects/metalloenzymes/starmap/outputs/with_min/SOMD_2/lig_1~lig_10/bound/lambda_0.7000/simfile.dat', '/home/jguven/projects/metalloenzymes/starmap/outputs/with_min/SOMD_2/lig_1~lig_10/bound/lambda_0.8000/simfile.dat', '/home/jguven/projects/metalloenzymes/starmap/outputs/with_min/SOMD_2/lig_1~lig_10/bound/lambda_0.9000/simfile.dat', '/home/jguven/projects/metalloenzymes/starmap/outputs/with_min/SOMD_2/lig_1~lig_10/bound/lambda_1.0000/simfile.dat']
#Overlap matrix
0.6433 0.2920 0.0601 0.0045 0.0001 0.0000 0.0000 0.0000 0.0000 0.0000 0.0000
0.2920 0.4135 0.2392 0.0507 0.0044 0.0002 0.0000 0.0000 0.0000 0.0000 0.0000
0.0601 0.2392 0.3973 0.2415 0.0567 0.0050 0.0002 0.0000 0.0000 0.0000 0.0000
0.0045 0.0507 0.2415 0.3997 0.2448 0.0543 0.0043 0.0001 0.0000 0.0000 0.0000
0.0001 0.0044 0.0567 0.2448 0.4034 0.2413 0.0460 0.0031 0.0001 0.0000 0.0000
0.0000 0.0002 0.0050 0.0543 0.2413 0.4296 0.2327 0.0353 0.0017 0.0000 0.0000
0.0000 0.0000 0.0002 0.0043 0.0460 0.2327 0.4709 0.2209 0.0244 0.0006 0.0000
0.0000 0.0000 0.0000 0.0001 0.0031 0.0353 0.2209 0.5156 0.2137 0.0113 0.0001
0.0000 0.0000 0.0000 0.0000 0.0001 0.0017 0.0244 0.2137 0.5891 0.1684 0.0027
0.0000 0.0000 0.0000 0.0000 0.0000 0.0000 0.0006 0.0113 0.1684 0.7041 0.1156
0.0000 0.0000 0.0000 0.0000 0.0000 0.0000 0.0000 0.0001 0.0027 0.1156 0.8817
#DG from neighbouring lambda in kcal/mol
0.0000 0.1000 9.7857 0.0191
0.1000 0.2000 9.2155 0.0198
0.2000 0.3000 8.5281 0.0195
0.3000 0.4000 7.9245 0.0190
0.4000 0.5000 7.3930 0.0201
0.5000 0.6000 6.9353 0.0224
0.6000 0.7000 6.5760 0.0255
0.7000 0.8000 6.4383 0.0287
0.8000 0.9000 6.8659 0.0377
0.9000 1.0000 8.8757 0.0513
#PMF from MBAR in kcal/mol
0.0000 0.0000 0.0000
0.1000 9.7857 0.0191
0.2000 19.0012 0.0337
0.3000 27.5293 0.0444
0.4000 35.4539 0.0525
0.5000 42.8469 0.0599
0.6000 49.7822 0.0674
0.7000 56.3582 0.0752
0.8000 62.7965 0.0837
0.9000 69.6624 0.0951
1.0000 78.5381 0.1113
#TI average gradients and standard deviation in kcal/mol
0.0000 97.0507 8.5137
0.1000 94.6827 8.4588
0.2000 89.4217 8.8827
0.3000 82.3129 8.5415
0.4000 76.2266 8.6890
0.5000 71.3396 9.3810
0.6000 67.0169 10.5952
0.7000 64.6177 11.9277
0.8000 65.6136 12.5539
0.9000 74.5059 14.9057
1.0000 107.3339 20.9065
#PMF from TI in kcal/mol
0.0000 0.0000
0.1000 9.5867
0.2000 18.7919
0.3000 27.3786
0.4000 35.3056
0.5000 42.6839
0.6000 49.6017
0.7000 56.1835
0.8000 62.6950
0.9000 69.7010
1.0000 78.7930
#MBAR free energy difference in kcal/mol: 
78.538134, 0.111274 
#TI free energy difference in kcal/mol: 
78.792996  
