# Analysing data contained in file(s) ['/home/jguven/projects/metalloenzymes/starmap/outputs/with_min/SOMD_1/lig_1~lig_15/unbound/lambda_0.0000/simfile.dat', '/home/jguven/projects/metalloenzymes/starmap/outputs/with_min/SOMD_1/lig_1~lig_15/unbound/lambda_0.1000/simfile.dat', '/home/jguven/projects/metalloenzymes/starmap/outputs/with_min/SOMD_1/lig_1~lig_15/unbound/lambda_0.2000/simfile.dat', '/home/jguven/projects/metalloenzymes/starmap/outputs/with_min/SOMD_1/lig_1~lig_15/unbound/lambda_0.3000/simfile.dat', '/home/jguven/projects/metalloenzymes/starmap/outputs/with_min/SOMD_1/lig_1~lig_15/unbound/lambda_0.4000/simfile.dat', '/home/jguven/projects/metalloenzymes/starmap/outputs/with_min/SOMD_1/lig_1~lig_15/unbound/lambda_0.5000/simfile.dat', '/home/jguven/projects/metalloenzymes/starmap/outputs/with_min/SOMD_1/lig_1~lig_15/unbound/lambda_0.6000/simfile.dat', '/home/jguven/projects/metalloenzymes/starmap/outputs/with_min/SOMD_1/lig_1~lig_15/unbound/lambda_0.7000/simfile.dat', '/home/jguven/projects/metalloenzymes/starmap/outputs/with_min/SOMD_1/lig_1~lig_15/unbound/lambda_0.8000/simfile.dat', '/home/jguven/projects/metalloenzymes/starmap/outputs/with_min/SOMD_1/lig_1~lig_15/unbound/lambda_0.9000/simfile.dat', '/home/jguven/projects/metalloenzymes/starmap/outputs/with_min/SOMD_1/lig_1~lig_15/unbound/lambda_1.0000/simfile.dat']
#Overlap matrix
0.7244 0.2485 0.0265 0.0007 0.0000 0.0000 0.0000 0.0000 0.0000 0.0000 0.0000
0.2485 0.4890 0.2366 0.0252 0.0006 0.0000 0.0000 0.0000 0.0000 0.0000 0.0000
0.0265 0.2366 0.4817 0.2287 0.0257 0.0007 0.0000 0.0000 0.0000 0.0000 0.0000
0.0007 0.0252 0.2287 0.4846 0.2339 0.0262 0.0007 0.0000 0.0000 0.0000 0.0000
0.0000 0.0006 0.0257 0.2339 0.4845 0.2282 0.0262 0.0008 0.0000 0.0000 0.0000
0.0000 0.0000 0.0007 0.0262 0.2282 0.4773 0.2376 0.0292 0.0009 0.0000 0.0000
0.0000 0.0000 0.0000 0.0007 0.0262 0.2376 0.4736 0.2332 0.0280 0.0008 0.0000
0.0000 0.0000 0.0000 0.0000 0.0008 0.0292 0.2332 0.4758 0.2332 0.0270 0.0008
0.0000 0.0000 0.0000 0.0000 0.0000 0.0009 0.0280 0.2332 0.4733 0.2351 0.0297
0.0000 0.0000 0.0000 0.0000 0.0000 0.0000 0.0008 0.0270 0.2351 0.4806 0.2565
0.0000 0.0000 0.0000 0.0000 0.0000 0.0000 0.0000 0.0008 0.0297 0.2565 0.7129
#DG from neighbouring lambda in kcal/mol
0.0000 0.1000 10.8829 0.0242
0.1000 0.2000 10.9421 0.0231
0.2000 0.3000 10.9758 0.0239
0.3000 0.4000 11.0106 0.0233
0.4000 0.5000 11.0534 0.0238
0.5000 0.6000 11.1025 0.0227
0.6000 0.7000 11.2198 0.0229
0.7000 0.8000 11.3105 0.0231
0.8000 0.9000 11.3910 0.0229
0.9000 1.0000 11.5316 0.0232
#PMF from MBAR in kcal/mol
0.0000 0.0000 0.0000
0.1000 10.8829 0.0242
0.2000 21.8249 0.0398
0.3000 32.8007 0.0514
0.4000 43.8113 0.0606
0.5000 54.8647 0.0686
0.6000 65.9672 0.0756
0.7000 77.1870 0.0819
0.8000 88.4975 0.0878
0.9000 99.8885 0.0933
1.0000 111.4201 0.0985
#TI average gradients and standard deviation in kcal/mol
0.0000 108.7746 10.3311
0.1000 108.9862 10.6557
0.2000 109.3070 10.4970
0.3000 109.7637 10.3315
0.4000 110.3354 10.3364
0.5000 110.5213 10.5811
0.6000 111.4359 10.5059
0.7000 112.4743 10.5186
0.8000 113.5062 10.3498
0.9000 114.5975 10.5104
1.0000 115.7093 10.3314
#PMF from TI in kcal/mol
0.0000 0.0000
0.1000 10.8880
0.2000 21.8027
0.3000 32.7562
0.4000 43.7612
0.5000 54.8040
0.6000 65.9019
0.7000 77.0974
0.8000 88.3964
0.9000 99.8016
1.0000 111.3169
#MBAR free energy difference in kcal/mol: 
111.420098, 0.098547 
#TI free energy difference in kcal/mol: 
111.316936  
