# Analysing data contained in file(s) ['/home/jguven/projects/metalloenzymes/starmap/outputs/with_min/SOMD_1/lig_1~lig_3/bound/lambda_0.0000/simfile.dat', '/home/jguven/projects/metalloenzymes/starmap/outputs/with_min/SOMD_1/lig_1~lig_3/bound/lambda_0.1000/simfile.dat', '/home/jguven/projects/metalloenzymes/starmap/outputs/with_min/SOMD_1/lig_1~lig_3/bound/lambda_0.2000/simfile.dat', '/home/jguven/projects/metalloenzymes/starmap/outputs/with_min/SOMD_1/lig_1~lig_3/bound/lambda_0.3000/simfile.dat', '/home/jguven/projects/metalloenzymes/starmap/outputs/with_min/SOMD_1/lig_1~lig_3/bound/lambda_0.4000/simfile.dat', '/home/jguven/projects/metalloenzymes/starmap/outputs/with_min/SOMD_1/lig_1~lig_3/bound/lambda_0.5000/simfile.dat', '/home/jguven/projects/metalloenzymes/starmap/outputs/with_min/SOMD_1/lig_1~lig_3/bound/lambda_0.6000/simfile.dat', '/home/jguven/projects/metalloenzymes/starmap/outputs/with_min/SOMD_1/lig_1~lig_3/bound/lambda_0.7000/simfile.dat', '/home/jguven/projects/metalloenzymes/starmap/outputs/with_min/SOMD_1/lig_1~lig_3/bound/lambda_0.8000/simfile.dat', '/home/jguven/projects/metalloenzymes/starmap/outputs/with_min/SOMD_1/lig_1~lig_3/bound/lambda_0.9000/simfile.dat', '/home/jguven/projects/metalloenzymes/starmap/outputs/with_min/SOMD_1/lig_1~lig_3/bound/lambda_1.0000/simfile.dat']
#Overlap matrix
0.8829 0.1168 0.0004 0.0000 0.0000 0.0000 0.0000 0.0000 0.0000 0.0000 0.0000
0.1168 0.7610 0.1216 0.0006 0.0000 0.0000 0.0000 0.0000 0.0000 0.0000 0.0000
0.0004 0.1216 0.7306 0.1465 0.0009 0.0000 0.0000 0.0000 0.0000 0.0000 0.0000
0.0000 0.0006 0.1465 0.7044 0.1471 0.0014 0.0000 0.0000 0.0000 0.0000 0.0000
0.0000 0.0000 0.0009 0.1471 0.7007 0.1495 0.0018 0.0000 0.0000 0.0000 0.0000
0.0000 0.0000 0.0000 0.0014 0.1495 0.6786 0.1680 0.0026 0.0000 0.0000 0.0000
0.0000 0.0000 0.0000 0.0000 0.0018 0.1680 0.6515 0.1744 0.0043 0.0000 0.0000
0.0000 0.0000 0.0000 0.0000 0.0000 0.0026 0.1744 0.6291 0.1890 0.0049 0.0000
0.0000 0.0000 0.0000 0.0000 0.0000 0.0000 0.0043 0.1890 0.6117 0.1883 0.0067
0.0000 0.0000 0.0000 0.0000 0.0000 0.0000 0.0000 0.0049 0.1883 0.6061 0.2007
0.0000 0.0000 0.0000 0.0000 0.0000 0.0000 0.0000 0.0000 0.0067 0.2007 0.7926
#DG from neighbouring lambda in kcal/mol
0.0000 0.1000 4.9147 0.0508
0.1000 0.2000 4.7247 0.0493
0.2000 0.3000 4.5509 0.0433
0.3000 0.4000 4.4081 0.0430
0.4000 0.5000 4.2715 0.0424
0.5000 0.6000 4.0325 0.0387
0.6000 0.7000 3.7861 0.0373
0.7000 0.8000 3.6298 0.0347
0.8000 0.9000 3.3264 0.0345
0.9000 1.0000 3.0488 0.0334
#PMF from MBAR in kcal/mol
0.0000 0.0000 0.0000
0.1000 4.9147 0.0508
0.2000 9.6394 0.0760
0.3000 14.1902 0.0917
0.4000 18.5983 0.1050
0.5000 22.8698 0.1164
0.6000 26.9022 0.1257
0.7000 30.6883 0.1338
0.8000 34.3182 0.1407
0.9000 37.6446 0.1473
1.0000 40.6934 0.1532
#TI average gradients and standard deviation in kcal/mol
0.0000 50.7599 17.1186
0.1000 47.1606 16.8850
0.2000 46.7791 16.4569
0.3000 45.7872 15.4610
0.4000 43.0362 15.1665
0.5000 41.4674 14.7827
0.6000 39.3589 14.5392
0.7000 37.0945 13.7665
0.8000 35.6442 13.6567
0.9000 32.5457 12.8777
1.0000 29.2430 12.0920
#PMF from TI in kcal/mol
0.0000 0.0000
0.1000 4.8960
0.2000 9.5930
0.3000 14.2213
0.4000 18.6625
0.5000 22.8877
0.6000 26.9290
0.7000 30.7517
0.8000 34.3886
0.9000 37.7981
1.0000 40.8875
#MBAR free energy difference in kcal/mol: 
40.693367, 0.153179 
#TI free energy difference in kcal/mol: 
40.887527  
