# Analysing data contained in file(s) ['/home/jguven/projects/metalloenzymes/kpc2/outputs/SOMD/lig_2~lig_4/unbound/lambda_0.0000/simfile.dat', '/home/jguven/projects/metalloenzymes/kpc2/outputs/SOMD/lig_2~lig_4/unbound/lambda_0.1000/simfile.dat', '/home/jguven/projects/metalloenzymes/kpc2/outputs/SOMD/lig_2~lig_4/unbound/lambda_0.2000/simfile.dat', '/home/jguven/projects/metalloenzymes/kpc2/outputs/SOMD/lig_2~lig_4/unbound/lambda_0.3000/simfile.dat', '/home/jguven/projects/metalloenzymes/kpc2/outputs/SOMD/lig_2~lig_4/unbound/lambda_0.4000/simfile.dat', '/home/jguven/projects/metalloenzymes/kpc2/outputs/SOMD/lig_2~lig_4/unbound/lambda_0.5000/simfile.dat', '/home/jguven/projects/metalloenzymes/kpc2/outputs/SOMD/lig_2~lig_4/unbound/lambda_0.6000/simfile.dat', '/home/jguven/projects/metalloenzymes/kpc2/outputs/SOMD/lig_2~lig_4/unbound/lambda_0.7000/simfile.dat', '/home/jguven/projects/metalloenzymes/kpc2/outputs/SOMD/lig_2~lig_4/unbound/lambda_0.8000/simfile.dat', '/home/jguven/projects/metalloenzymes/kpc2/outputs/SOMD/lig_2~lig_4/unbound/lambda_0.9000/simfile.dat', '/home/jguven/projects/metalloenzymes/kpc2/outputs/SOMD/lig_2~lig_4/unbound/lambda_1.0000/simfile.dat']
#Overlap matrix
0.9194 0.0802 0.0004 0.0000 0.0000 0.0000 0.0000 0.0000 0.0000 0.0000 0.0000
0.0802 0.8003 0.1181 0.0014 0.0000 0.0000 0.0000 0.0000 0.0000 0.0000 0.0000
0.0004 0.1181 0.7307 0.1482 0.0026 0.0000 0.0000 0.0000 0.0000 0.0000 0.0000
0.0000 0.0014 0.1482 0.6805 0.1658 0.0041 0.0000 0.0000 0.0000 0.0000 0.0000
0.0000 0.0000 0.0026 0.1658 0.6518 0.1737 0.0061 0.0001 0.0000 0.0000 0.0000
0.0000 0.0000 0.0000 0.0041 0.1737 0.6081 0.2029 0.0110 0.0001 0.0000 0.0000
0.0000 0.0000 0.0000 0.0000 0.0061 0.2029 0.5721 0.2064 0.0124 0.0001 0.0000
0.0000 0.0000 0.0000 0.0000 0.0001 0.0110 0.2064 0.5501 0.2178 0.0143 0.0002
0.0000 0.0000 0.0000 0.0000 0.0000 0.0001 0.0124 0.2178 0.5328 0.2182 0.0187
0.0000 0.0000 0.0000 0.0000 0.0000 0.0000 0.0001 0.0143 0.2182 0.5240 0.2434
0.0000 0.0000 0.0000 0.0000 0.0000 0.0000 0.0000 0.0002 0.0187 0.2434 0.7377
#DG from neighbouring lambda in kcal/mol
0.0000 0.1000 1.2908 0.0584
0.1000 0.2000 3.2860 0.0456
0.2000 0.3000 4.1403 0.0387
0.3000 0.4000 4.2648 0.0353
0.4000 0.5000 4.1789 0.0336
0.5000 0.6000 4.0110 0.0289
0.6000 0.7000 3.8694 0.0278
0.7000 0.8000 3.4880 0.0263
0.8000 0.9000 3.0644 0.0257
0.9000 1.0000 2.7716 0.0245
#PMF from MBAR in kcal/mol
0.0000 0.0000 0.0000
0.1000 1.2908 0.0584
0.2000 4.5767 0.0782
0.3000 8.7171 0.0906
0.4000 12.9818 0.1002
0.5000 17.1608 0.1084
0.6000 21.1718 0.1146
0.7000 25.0412 0.1201
0.8000 28.5292 0.1250
0.9000 31.5936 0.1296
1.0000 34.3652 0.1337
#TI average gradients and standard deviation in kcal/mol
0.0000 -2.3940 22.3171
0.1000 24.8837 19.4197
0.2000 36.8291 16.7689
0.3000 42.3237 15.5837
0.4000 42.7518 14.7175
0.5000 40.7234 13.4985
0.6000 40.6834 11.8814
0.7000 36.3796 11.4726
0.8000 31.7346 11.6333
0.9000 28.7072 11.4802
1.0000 31.3181 10.2547
#PMF from TI in kcal/mol
0.0000 0.0000
0.1000 1.1245
0.2000 4.2101
0.3000 8.1678
0.4000 12.4215
0.5000 16.5953
0.6000 20.6656
0.7000 24.5188
0.8000 27.9245
0.9000 30.9466
1.0000 33.9479
#MBAR free energy difference in kcal/mol: 
34.365203, 0.133665 
#TI free energy difference in kcal/mol: 
33.947858  
