# Analysing data contained in file(s) ['/home/jguven/projects/metalloenzymes/kpc2/outputs/SOMD/lig_9~lig_10/unbound/lambda_0.0000/simfile.dat', '/home/jguven/projects/metalloenzymes/kpc2/outputs/SOMD/lig_9~lig_10/unbound/lambda_0.0625/simfile.dat', '/home/jguven/projects/metalloenzymes/kpc2/outputs/SOMD/lig_9~lig_10/unbound/lambda_0.1250/simfile.dat', '/home/jguven/projects/metalloenzymes/kpc2/outputs/SOMD/lig_9~lig_10/unbound/lambda_0.1875/simfile.dat', '/home/jguven/projects/metalloenzymes/kpc2/outputs/SOMD/lig_9~lig_10/unbound/lambda_0.2500/simfile.dat', '/home/jguven/projects/metalloenzymes/kpc2/outputs/SOMD/lig_9~lig_10/unbound/lambda_0.3125/simfile.dat', '/home/jguven/projects/metalloenzymes/kpc2/outputs/SOMD/lig_9~lig_10/unbound/lambda_0.3750/simfile.dat', '/home/jguven/projects/metalloenzymes/kpc2/outputs/SOMD/lig_9~lig_10/unbound/lambda_0.4375/simfile.dat', '/home/jguven/projects/metalloenzymes/kpc2/outputs/SOMD/lig_9~lig_10/unbound/lambda_0.5000/simfile.dat', '/home/jguven/projects/metalloenzymes/kpc2/outputs/SOMD/lig_9~lig_10/unbound/lambda_0.5625/simfile.dat', '/home/jguven/projects/metalloenzymes/kpc2/outputs/SOMD/lig_9~lig_10/unbound/lambda_0.6250/simfile.dat', '/home/jguven/projects/metalloenzymes/kpc2/outputs/SOMD/lig_9~lig_10/unbound/lambda_0.6875/simfile.dat', '/home/jguven/projects/metalloenzymes/kpc2/outputs/SOMD/lig_9~lig_10/unbound/lambda_0.7500/simfile.dat', '/home/jguven/projects/metalloenzymes/kpc2/outputs/SOMD/lig_9~lig_10/unbound/lambda_0.8125/simfile.dat', '/home/jguven/projects/metalloenzymes/kpc2/outputs/SOMD/lig_9~lig_10/unbound/lambda_0.8750/simfile.dat', '/home/jguven/projects/metalloenzymes/kpc2/outputs/SOMD/lig_9~lig_10/unbound/lambda_0.9375/simfile.dat', '/home/jguven/projects/metalloenzymes/kpc2/outputs/SOMD/lig_9~lig_10/unbound/lambda_1.0000/simfile.dat']
#Overlap matrix
0.7781 0.2047 0.0164 0.0008 0.0000 0.0000 0.0000 0.0000 0.0000 0.0000 0.0000 0.0000 0.0000 0.0000 0.0000 0.0000 0.0000
0.2047 0.5409 0.2216 0.0306 0.0021 0.0001 0.0000 0.0000 0.0000 0.0000 0.0000 0.0000 0.0000 0.0000 0.0000 0.0000 0.0000
0.0164 0.2216 0.4831 0.2354 0.0396 0.0037 0.0002 0.0000 0.0000 0.0000 0.0000 0.0000 0.0000 0.0000 0.0000 0.0000 0.0000
0.0008 0.0306 0.2354 0.4418 0.2338 0.0511 0.0060 0.0004 0.0000 0.0000 0.0000 0.0000 0.0000 0.0000 0.0000 0.0000 0.0000
0.0000 0.0021 0.0396 0.2338 0.4157 0.2434 0.0580 0.0068 0.0005 0.0000 0.0000 0.0000 0.0000 0.0000 0.0000 0.0000 0.0000
0.0000 0.0001 0.0037 0.0511 0.2434 0.4018 0.2354 0.0565 0.0072 0.0006 0.0000 0.0000 0.0000 0.0000 0.0000 0.0000 0.0000
0.0000 0.0000 0.0002 0.0060 0.0580 0.2354 0.3962 0.2384 0.0572 0.0078 0.0007 0.0000 0.0000 0.0000 0.0000 0.0000 0.0000
0.0000 0.0000 0.0000 0.0004 0.0068 0.0565 0.2384 0.3975 0.2326 0.0590 0.0082 0.0006 0.0000 0.0000 0.0000 0.0000 0.0000
0.0000 0.0000 0.0000 0.0000 0.0005 0.0072 0.0572 0.2326 0.3946 0.2396 0.0605 0.0073 0.0005 0.0000 0.0000 0.0000 0.0000
0.0000 0.0000 0.0000 0.0000 0.0000 0.0006 0.0078 0.0590 0.2396 0.3942 0.2373 0.0554 0.0058 0.0003 0.0000 0.0000 0.0000
0.0000 0.0000 0.0000 0.0000 0.0000 0.0000 0.0007 0.0082 0.0605 0.2373 0.4049 0.2336 0.0500 0.0047 0.0002 0.0000 0.0000
0.0000 0.0000 0.0000 0.0000 0.0000 0.0000 0.0000 0.0006 0.0073 0.0554 0.2336 0.4161 0.2385 0.0457 0.0027 0.0001 0.0000
0.0000 0.0000 0.0000 0.0000 0.0000 0.0000 0.0000 0.0000 0.0005 0.0058 0.0500 0.2385 0.4364 0.2372 0.0306 0.0011 0.0000
0.0000 0.0000 0.0000 0.0000 0.0000 0.0000 0.0000 0.0000 0.0000 0.0003 0.0047 0.0457 0.2372 0.4749 0.2165 0.0202 0.0004
0.0000 0.0000 0.0000 0.0000 0.0000 0.0000 0.0000 0.0000 0.0000 0.0000 0.0002 0.0027 0.0306 0.2165 0.5201 0.2175 0.0124
0.0000 0.0000 0.0000 0.0000 0.0000 0.0000 0.0000 0.0000 0.0000 0.0000 0.0000 0.0001 0.0011 0.0202 0.2175 0.5690 0.1922
0.0000 0.0000 0.0000 0.0000 0.0000 0.0000 0.0000 0.0000 0.0000 0.0000 0.0000 0.0000 0.0000 0.0004 0.0124 0.1922 0.7950
#DG from neighbouring lambda in kcal/mol
0.0000 0.0625 -6.2968 0.0294
0.0625 0.1250 -5.0491 0.0245
0.1250 0.1875 -4.3444 0.0212
0.1875 0.2500 -4.0544 0.0196
0.2500 0.3125 -3.9055 0.0175
0.3125 0.3750 -3.8205 0.0176
0.3750 0.4375 -3.7952 0.0173
0.4375 0.5000 -3.7907 0.0175
0.5000 0.5625 -3.8183 0.0168
0.5625 0.6250 -3.8304 0.0173
0.6250 0.6875 -3.8525 0.0184
0.6875 0.7500 -3.8367 0.0189
0.7500 0.8125 -3.6675 0.0205
0.8125 0.8750 -3.4421 0.0245
0.8750 0.9375 -3.1125 0.0263
0.9375 1.0000 -2.5016 0.0315
#PMF from MBAR in kcal/mol
0.0000 0.0000 0.0000
0.0625 -6.2968 0.0294
0.1250 -11.3459 0.0442
0.1875 -15.6903 0.0531
0.2500 -19.7447 0.0600
0.3125 -23.6502 0.0652
0.3750 -27.4707 0.0700
0.4375 -31.2659 0.0744
0.5000 -35.0565 0.0785
0.5625 -38.8748 0.0823
0.6250 -42.7052 0.0860
0.6875 -46.5577 0.0898
0.7500 -50.3944 0.0937
0.8125 -54.0619 0.0978
0.8750 -57.5040 0.1029
0.9375 -60.6165 0.1085
1.0000 -63.1181 0.1152
#TI average gradients and standard deviation in kcal/mol
0.0000 -123.3573 22.1213
0.0625 -89.2746 18.9679
0.1250 -74.0249 16.9498
0.1875 -66.3971 15.8942
0.2500 -62.9064 14.6592
0.3125 -61.7488 13.8081
0.3750 -60.5255 13.5916
0.4375 -60.7645 14.4479
0.5000 -60.9864 14.1987
0.5625 -61.4508 14.2671
0.6250 -61.3039 14.2878
0.6875 -62.0096 14.1720
0.7500 -60.0957 15.8181
0.8125 -57.5351 16.1370
0.8750 -51.9834 18.3401
0.9375 -45.3339 20.0266
1.0000 -30.0920 22.2792
#PMF from TI in kcal/mol
0.0000 0.0000
0.0625 -6.6447
0.1250 -11.7479
0.1875 -16.1360
0.2500 -20.1768
0.3125 -24.0722
0.3750 -27.8933
0.4375 -31.6836
0.5000 -35.4883
0.5625 -39.3145
0.6250 -43.1506
0.6875 -47.0041
0.7500 -50.8199
0.8125 -54.4959
0.8750 -57.9183
0.9375 -60.9595
1.0000 -63.3166
#MBAR free energy difference in kcal/mol: 
-63.118127, 0.115216 
#TI free energy difference in kcal/mol: 
-63.316570  
