# Analysing data contained in file(s) ['/home/jguven/projects/metalloenzymes/kpc2/outputs/SOMD/lig_13~lig_7/unbound/lambda_0.0000/simfile.dat', '/home/jguven/projects/metalloenzymes/kpc2/outputs/SOMD/lig_13~lig_7/unbound/lambda_0.1000/simfile.dat', '/home/jguven/projects/metalloenzymes/kpc2/outputs/SOMD/lig_13~lig_7/unbound/lambda_0.2000/simfile.dat', '/home/jguven/projects/metalloenzymes/kpc2/outputs/SOMD/lig_13~lig_7/unbound/lambda_0.3000/simfile.dat', '/home/jguven/projects/metalloenzymes/kpc2/outputs/SOMD/lig_13~lig_7/unbound/lambda_0.4000/simfile.dat', '/home/jguven/projects/metalloenzymes/kpc2/outputs/SOMD/lig_13~lig_7/unbound/lambda_0.5000/simfile.dat', '/home/jguven/projects/metalloenzymes/kpc2/outputs/SOMD/lig_13~lig_7/unbound/lambda_0.6000/simfile.dat', '/home/jguven/projects/metalloenzymes/kpc2/outputs/SOMD/lig_13~lig_7/unbound/lambda_0.7000/simfile.dat', '/home/jguven/projects/metalloenzymes/kpc2/outputs/SOMD/lig_13~lig_7/unbound/lambda_0.8000/simfile.dat', '/home/jguven/projects/metalloenzymes/kpc2/outputs/SOMD/lig_13~lig_7/unbound/lambda_0.9000/simfile.dat', '/home/jguven/projects/metalloenzymes/kpc2/outputs/SOMD/lig_13~lig_7/unbound/lambda_1.0000/simfile.dat']
#Overlap matrix
0.9339 0.0661 0.0000 0.0000 0.0000 0.0000 0.0000 0.0000 0.0000 0.0000 0.0000
0.0661 0.8696 0.0643 0.0000 0.0000 0.0000 0.0000 0.0000 0.0000 0.0000 0.0000
0.0000 0.0643 0.8822 0.0535 0.0000 0.0000 0.0000 0.0000 0.0000 0.0000 0.0000
0.0000 0.0000 0.0535 0.9002 0.0463 0.0000 0.0000 0.0000 0.0000 0.0000 0.0000
0.0000 0.0000 0.0000 0.0463 0.9096 0.0441 0.0000 0.0000 0.0000 0.0000 0.0000
0.0000 0.0000 0.0000 0.0000 0.0441 0.9233 0.0326 0.0000 0.0000 0.0000 0.0000
0.0000 0.0000 0.0000 0.0000 0.0000 0.0326 0.9328 0.0346 0.0000 0.0000 0.0000
0.0000 0.0000 0.0000 0.0000 0.0000 0.0000 0.0346 0.9390 0.0264 0.0000 0.0000
0.0000 0.0000 0.0000 0.0000 0.0000 0.0000 0.0000 0.0264 0.9495 0.0241 0.0000
0.0000 0.0000 0.0000 0.0000 0.0000 0.0000 0.0000 0.0000 0.0241 0.9618 0.0141
0.0000 0.0000 0.0000 0.0000 0.0000 0.0000 0.0000 0.0000 0.0000 0.0141 0.9859
#DG from neighbouring lambda in kcal/mol
0.0000 0.1000 3.5117 0.0648
0.1000 0.2000 3.0284 0.0658
0.2000 0.3000 2.6383 0.0730
0.3000 0.4000 2.4308 0.0791
0.4000 0.5000 1.9944 0.0813
0.5000 0.6000 1.6277 0.0957
0.6000 0.7000 1.4185 0.0927
0.7000 0.8000 1.2802 0.1071
0.8000 0.9000 1.0386 0.1123
0.9000 1.0000 1.2567 0.1486
#PMF from MBAR in kcal/mol
0.0000 0.0000 0.0000
0.1000 3.5117 0.0648
0.2000 6.5401 0.0957
0.3000 9.1784 0.1230
0.4000 11.6092 0.1484
0.5000 13.6036 0.1711
0.6000 15.2313 0.1976
0.7000 16.6498 0.2197
0.8000 17.9300 0.2458
0.9000 18.9687 0.2714
1.0000 20.2253 0.3104
#TI average gradients and standard deviation in kcal/mol
0.0000 33.7088 19.9342
0.1000 32.8918 21.0539
0.2000 29.0583 21.7739
0.3000 25.0349 22.4366
0.4000 21.6877 23.8556
0.5000 18.7365 24.1386
0.6000 14.6534 24.6995
0.7000 13.2290 26.1304
0.8000 12.4964 26.9290
0.9000 14.2482 27.4613
1.0000 12.6997 30.0029
#PMF from TI in kcal/mol
0.0000 0.0000
0.1000 3.3300
0.2000 6.4275
0.3000 9.1322
0.4000 11.4683
0.5000 13.4895
0.6000 15.1590
0.7000 16.5532
0.8000 17.8394
0.9000 19.1767
1.0000 20.5240
#MBAR free energy difference in kcal/mol: 
20.225343, 0.310425 
#TI free energy difference in kcal/mol: 
20.524049  
