# Analysing data contained in file(s) ['/home/jguven/projects/metalloenzymes/starmap/outputs/with_min/SOMD_2/lig_1~lig_10/unbound/lambda_0.0000/simfile.dat', '/home/jguven/projects/metalloenzymes/starmap/outputs/with_min/SOMD_2/lig_1~lig_10/unbound/lambda_0.1000/simfile.dat', '/home/jguven/projects/metalloenzymes/starmap/outputs/with_min/SOMD_2/lig_1~lig_10/unbound/lambda_0.2000/simfile.dat', '/home/jguven/projects/metalloenzymes/starmap/outputs/with_min/SOMD_2/lig_1~lig_10/unbound/lambda_0.3000/simfile.dat', '/home/jguven/projects/metalloenzymes/starmap/outputs/with_min/SOMD_2/lig_1~lig_10/unbound/lambda_0.4000/simfile.dat', '/home/jguven/projects/metalloenzymes/starmap/outputs/with_min/SOMD_2/lig_1~lig_10/unbound/lambda_0.5000/simfile.dat', '/home/jguven/projects/metalloenzymes/starmap/outputs/with_min/SOMD_2/lig_1~lig_10/unbound/lambda_0.6000/simfile.dat', '/home/jguven/projects/metalloenzymes/starmap/outputs/with_min/SOMD_2/lig_1~lig_10/unbound/lambda_0.7000/simfile.dat', '/home/jguven/projects/metalloenzymes/starmap/outputs/with_min/SOMD_2/lig_1~lig_10/unbound/lambda_0.8000/simfile.dat', '/home/jguven/projects/metalloenzymes/starmap/outputs/with_min/SOMD_2/lig_1~lig_10/unbound/lambda_0.9000/simfile.dat', '/home/jguven/projects/metalloenzymes/starmap/outputs/with_min/SOMD_2/lig_1~lig_10/unbound/lambda_1.0000/simfile.dat']
#Overlap matrix
0.6534 0.2827 0.0588 0.0050 0.0001 0.0000 0.0000 0.0000 0.0000 0.0000 0.0000
0.2827 0.4115 0.2452 0.0560 0.0045 0.0001 0.0000 0.0000 0.0000 0.0000 0.0000
0.0588 0.2452 0.3960 0.2437 0.0520 0.0041 0.0001 0.0000 0.0000 0.0000 0.0000
0.0050 0.0560 0.2437 0.4007 0.2386 0.0518 0.0040 0.0001 0.0000 0.0000 0.0000
0.0001 0.0045 0.0520 0.2386 0.4108 0.2456 0.0456 0.0026 0.0001 0.0000 0.0000
0.0000 0.0001 0.0041 0.0518 0.2456 0.4350 0.2288 0.0330 0.0015 0.0000 0.0000
0.0000 0.0000 0.0001 0.0040 0.0456 0.2288 0.4726 0.2246 0.0236 0.0006 0.0000
0.0000 0.0000 0.0000 0.0001 0.0026 0.0330 0.2246 0.5176 0.2093 0.0126 0.0001
0.0000 0.0000 0.0000 0.0000 0.0001 0.0015 0.0236 0.2093 0.5819 0.1806 0.0031
0.0000 0.0000 0.0000 0.0000 0.0000 0.0000 0.0006 0.0126 0.1806 0.6953 0.1109
0.0000 0.0000 0.0000 0.0000 0.0000 0.0000 0.0000 0.0001 0.0031 0.1109 0.8860
#DG from neighbouring lambda in kcal/mol
0.0000 0.1000 9.8036 0.0185
0.1000 0.2000 9.2170 0.0176
0.2000 0.3000 8.5987 0.0178
0.3000 0.4000 7.9477 0.0185
0.4000 0.5000 7.3936 0.0185
0.5000 0.6000 6.9375 0.0212
0.6000 0.7000 6.5335 0.0235
0.7000 0.8000 6.4095 0.0269
0.8000 0.9000 6.9412 0.0328
0.9000 1.0000 9.0864 0.0485
#PMF from MBAR in kcal/mol
0.0000 0.0000 0.0000
0.1000 9.8036 0.0185
0.2000 19.0206 0.0313
0.3000 27.6193 0.0408
0.4000 35.5670 0.0489
0.5000 42.9606 0.0557
0.6000 49.8981 0.0627
0.7000 56.4316 0.0700
0.8000 62.8411 0.0780
0.9000 69.7823 0.0876
1.0000 78.8687 0.1031
#TI average gradients and standard deviation in kcal/mol
0.0000 96.8939 8.6328
0.1000 95.4078 8.8084
0.2000 88.8606 8.8303
0.3000 82.7560 8.9385
0.4000 76.4605 9.0543
0.5000 71.5635 9.2749
0.6000 67.2679 10.6407
0.7000 63.9258 11.5235
0.8000 65.0246 12.7364
0.9000 76.6183 15.2201
1.0000 109.0322 21.1640
#PMF from TI in kcal/mol
0.0000 0.0000
0.1000 9.6151
0.2000 18.8285
0.3000 27.4093
0.4000 35.3702
0.5000 42.7714
0.6000 49.7129
0.7000 56.2726
0.8000 62.7201
0.9000 69.8023
1.0000 79.0848
#MBAR free energy difference in kcal/mol: 
78.868738, 0.103083 
#TI free energy difference in kcal/mol: 
79.084805  
