# Analysing data contained in file(s) ['/home/jguven/projects/metalloenzymes/kpc2/outputs/SOMD/lig_13~lig_7/bound/lambda_0.0000/simfile.dat', '/home/jguven/projects/metalloenzymes/kpc2/outputs/SOMD/lig_13~lig_7/bound/lambda_0.1000/simfile.dat', '/home/jguven/projects/metalloenzymes/kpc2/outputs/SOMD/lig_13~lig_7/bound/lambda_0.2000/simfile.dat', '/home/jguven/projects/metalloenzymes/kpc2/outputs/SOMD/lig_13~lig_7/bound/lambda_0.3000/simfile.dat', '/home/jguven/projects/metalloenzymes/kpc2/outputs/SOMD/lig_13~lig_7/bound/lambda_0.4000/simfile.dat', '/home/jguven/projects/metalloenzymes/kpc2/outputs/SOMD/lig_13~lig_7/bound/lambda_0.5000/simfile.dat', '/home/jguven/projects/metalloenzymes/kpc2/outputs/SOMD/lig_13~lig_7/bound/lambda_0.6000/simfile.dat', '/home/jguven/projects/metalloenzymes/kpc2/outputs/SOMD/lig_13~lig_7/bound/lambda_0.7000/simfile.dat', '/home/jguven/projects/metalloenzymes/kpc2/outputs/SOMD/lig_13~lig_7/bound/lambda_0.8000/simfile.dat', '/home/jguven/projects/metalloenzymes/kpc2/outputs/SOMD/lig_13~lig_7/bound/lambda_0.9000/simfile.dat', '/home/jguven/projects/metalloenzymes/kpc2/outputs/SOMD/lig_13~lig_7/bound/lambda_1.0000/simfile.dat']
#Overlap matrix
0.8031 0.1888 0.0081 0.0001 0.0000 0.0000 0.0000 0.0000 0.0000 0.0000 0.0000
0.1888 0.6004 0.1994 0.0113 0.0002 0.0000 0.0000 0.0000 0.0000 0.0000 0.0000
0.0081 0.1994 0.5669 0.2095 0.0159 0.0002 0.0000 0.0000 0.0000 0.0000 0.0000
0.0001 0.0113 0.2095 0.5380 0.2253 0.0157 0.0002 0.0000 0.0000 0.0000 0.0000
0.0000 0.0002 0.0159 0.2253 0.5314 0.2162 0.0110 0.0001 0.0000 0.0000 0.0000
0.0000 0.0000 0.0002 0.0157 0.2162 0.5914 0.1710 0.0055 0.0000 0.0000 0.0000
0.0000 0.0000 0.0000 0.0002 0.0110 0.1710 0.6411 0.1747 0.0020 0.0000 0.0000
0.0000 0.0000 0.0000 0.0000 0.0001 0.0055 0.1747 0.7167 0.1030 0.0001 0.0000
0.0000 0.0000 0.0000 0.0000 0.0000 0.0000 0.0020 0.1030 0.8338 0.0612 0.0000
0.0000 0.0000 0.0000 0.0000 0.0000 0.0000 0.0000 0.0001 0.0612 0.8981 0.0406
0.0000 0.0000 0.0000 0.0000 0.0000 0.0000 0.0000 0.0000 0.0000 0.0406 0.9594
#DG from neighbouring lambda in kcal/mol
0.0000 0.1000 -5.8923 0.0383
0.1000 0.2000 -9.0556 0.0350
0.2000 0.3000 -12.4033 0.0327
0.3000 0.4000 -15.8036 0.0302
0.4000 0.5000 -19.1645 0.0319
0.5000 0.6000 -22.3458 0.0398
0.6000 0.7000 -25.3511 0.0407
0.7000 0.8000 -27.6081 0.0597
0.8000 0.9000 -29.6034 0.0824
0.9000 1.0000 -30.4617 0.1036
#PMF from MBAR in kcal/mol
0.0000 0.0000 0.0000
0.1000 -5.8923 0.0383
0.2000 -14.9478 0.0588
0.3000 -27.3512 0.0726
0.4000 -43.1547 0.0830
0.5000 -62.3193 0.0928
0.6000 -84.6651 0.1045
0.7000 -110.0162 0.1157
0.8000 -137.6243 0.1334
0.9000 -167.2276 0.1597
1.0000 -197.6894 0.1929
#TI average gradients and standard deviation in kcal/mol
0.0000 -50.8000 14.0454
0.1000 -73.9335 12.8353
0.2000 -107.1571 12.6690
0.3000 -141.8943 10.9452
0.4000 -174.8733 11.4994
0.5000 -207.1815 13.1621
0.6000 -241.5491 12.8502
0.7000 -263.2384 18.3953
0.8000 -283.8013 22.0594
0.9000 -307.7123 24.7690
1.0000 -302.3443 29.9550
#PMF from TI in kcal/mol
0.0000 0.0000
0.1000 -6.2367
0.2000 -15.2912
0.3000 -27.7438
0.4000 -43.5821
0.5000 -62.6849
0.6000 -85.1214
0.7000 -110.3608
0.8000 -137.7128
0.9000 -167.2885
1.0000 -197.7913
#MBAR free energy difference in kcal/mol: 
-197.689356, 0.192870 
#TI free energy difference in kcal/mol: 
-197.791292  
