# Analysing data contained in file(s) ['/home/jguven/projects/metalloenzymes/kpc2/outputs/SOMD/lig_11~lig_15/unbound/lambda_0.0000/simfile.dat', '/home/jguven/projects/metalloenzymes/kpc2/outputs/SOMD/lig_11~lig_15/unbound/lambda_0.1000/simfile.dat', '/home/jguven/projects/metalloenzymes/kpc2/outputs/SOMD/lig_11~lig_15/unbound/lambda_0.2000/simfile.dat', '/home/jguven/projects/metalloenzymes/kpc2/outputs/SOMD/lig_11~lig_15/unbound/lambda_0.3000/simfile.dat', '/home/jguven/projects/metalloenzymes/kpc2/outputs/SOMD/lig_11~lig_15/unbound/lambda_0.4000/simfile.dat', '/home/jguven/projects/metalloenzymes/kpc2/outputs/SOMD/lig_11~lig_15/unbound/lambda_0.5000/simfile.dat', '/home/jguven/projects/metalloenzymes/kpc2/outputs/SOMD/lig_11~lig_15/unbound/lambda_0.6000/simfile.dat', '/home/jguven/projects/metalloenzymes/kpc2/outputs/SOMD/lig_11~lig_15/unbound/lambda_0.7000/simfile.dat', '/home/jguven/projects/metalloenzymes/kpc2/outputs/SOMD/lig_11~lig_15/unbound/lambda_0.8000/simfile.dat', '/home/jguven/projects/metalloenzymes/kpc2/outputs/SOMD/lig_11~lig_15/unbound/lambda_0.9000/simfile.dat', '/home/jguven/projects/metalloenzymes/kpc2/outputs/SOMD/lig_11~lig_15/unbound/lambda_1.0000/simfile.dat']
#Overlap matrix
0.6565 0.2839 0.0551 0.0043 0.0001 0.0000 0.0000 0.0000 0.0000 0.0000 0.0000
0.2839 0.4178 0.2394 0.0539 0.0049 0.0002 0.0000 0.0000 0.0000 0.0000 0.0000
0.0551 0.2394 0.3963 0.2473 0.0572 0.0044 0.0001 0.0000 0.0000 0.0000 0.0000
0.0043 0.0539 0.2473 0.4007 0.2400 0.0495 0.0041 0.0001 0.0000 0.0000 0.0000
0.0001 0.0049 0.0572 0.2400 0.4066 0.2412 0.0471 0.0029 0.0001 0.0000 0.0000
0.0000 0.0002 0.0044 0.0495 0.2412 0.4363 0.2340 0.0331 0.0014 0.0000 0.0000
0.0000 0.0000 0.0001 0.0041 0.0471 0.2340 0.4724 0.2198 0.0219 0.0006 0.0000
0.0000 0.0000 0.0000 0.0001 0.0029 0.0331 0.2198 0.5244 0.2067 0.0129 0.0001
0.0000 0.0000 0.0000 0.0000 0.0001 0.0014 0.0219 0.2067 0.5877 0.1793 0.0030
0.0000 0.0000 0.0000 0.0000 0.0000 0.0000 0.0006 0.0129 0.1793 0.6917 0.1155
0.0000 0.0000 0.0000 0.0000 0.0000 0.0000 0.0000 0.0001 0.0030 0.1155 0.8814
#DG from neighbouring lambda in kcal/mol
0.0000 0.1000 9.7993 0.0190
0.1000 0.2000 9.1659 0.0187
0.2000 0.3000 8.5248 0.0177
0.3000 0.4000 7.9369 0.0186
0.4000 0.5000 7.3699 0.0192
0.5000 0.6000 6.9641 0.0211
0.6000 0.7000 6.6010 0.0246
0.7000 0.8000 6.3875 0.0280
0.8000 0.9000 6.9312 0.0337
0.9000 1.0000 8.9404 0.0483
#PMF from MBAR in kcal/mol
0.0000 0.0000 0.0000
0.1000 9.7993 0.0190
0.2000 18.9653 0.0327
0.3000 27.4901 0.0422
0.4000 35.4270 0.0500
0.5000 42.7970 0.0572
0.6000 49.7610 0.0641
0.7000 56.3620 0.0718
0.8000 62.7495 0.0801
0.9000 69.6808 0.0899
1.0000 78.6211 0.1051
#TI average gradients and standard deviation in kcal/mol
0.0000 96.6423 8.6652
0.1000 95.3244 8.4944
0.2000 88.5623 8.7769
0.3000 82.3857 8.6210
0.4000 76.7174 9.1082
0.5000 71.5097 9.3016
0.6000 67.5157 10.6619
0.7000 63.7829 11.3993
0.8000 64.7793 12.8676
0.9000 76.3441 15.3769
1.0000 108.1104 20.3777
#PMF from TI in kcal/mol
0.0000 0.0000
0.1000 9.5983
0.2000 18.7927
0.3000 27.3401
0.4000 35.2952
0.5000 42.7066
0.6000 49.6579
0.7000 56.2228
0.8000 62.6509
0.9000 69.7071
1.0000 78.9298
#MBAR free energy difference in kcal/mol: 
78.621146, 0.105107 
#TI free energy difference in kcal/mol: 
78.929790  
