# Analysing data contained in file(s) ['/home/jguven/projects/metalloenzymes/kpc2/outputs/SOMD/lig_11~lig_15/unbound/lambda_0.0000/simfile.dat', '/home/jguven/projects/metalloenzymes/kpc2/outputs/SOMD/lig_11~lig_15/unbound/lambda_0.1000/simfile.dat', '/home/jguven/projects/metalloenzymes/kpc2/outputs/SOMD/lig_11~lig_15/unbound/lambda_0.2000/simfile.dat', '/home/jguven/projects/metalloenzymes/kpc2/outputs/SOMD/lig_11~lig_15/unbound/lambda_0.3000/simfile.dat', '/home/jguven/projects/metalloenzymes/kpc2/outputs/SOMD/lig_11~lig_15/unbound/lambda_0.4000/simfile.dat', '/home/jguven/projects/metalloenzymes/kpc2/outputs/SOMD/lig_11~lig_15/unbound/lambda_0.5000/simfile.dat', '/home/jguven/projects/metalloenzymes/kpc2/outputs/SOMD/lig_11~lig_15/unbound/lambda_0.6000/simfile.dat', '/home/jguven/projects/metalloenzymes/kpc2/outputs/SOMD/lig_11~lig_15/unbound/lambda_0.7000/simfile.dat', '/home/jguven/projects/metalloenzymes/kpc2/outputs/SOMD/lig_11~lig_15/unbound/lambda_0.8000/simfile.dat', '/home/jguven/projects/metalloenzymes/kpc2/outputs/SOMD/lig_11~lig_15/unbound/lambda_0.9000/simfile.dat', '/home/jguven/projects/metalloenzymes/kpc2/outputs/SOMD/lig_11~lig_15/unbound/lambda_1.0000/simfile.dat']
#Overlap matrix
0.8581 0.1399 0.0020 0.0000 0.0000 0.0000 0.0000 0.0000 0.0000 0.0000 0.0000
0.1399 0.6874 0.1687 0.0041 0.0000 0.0000 0.0000 0.0000 0.0000 0.0000 0.0000
0.0020 0.1687 0.6359 0.1875 0.0060 0.0000 0.0000 0.0000 0.0000 0.0000 0.0000
0.0000 0.0041 0.1875 0.6085 0.1935 0.0065 0.0000 0.0000 0.0000 0.0000 0.0000
0.0000 0.0000 0.0060 0.1935 0.5983 0.1947 0.0075 0.0000 0.0000 0.0000 0.0000
0.0000 0.0000 0.0000 0.0065 0.1947 0.5965 0.1960 0.0062 0.0000 0.0000 0.0000
0.0000 0.0000 0.0000 0.0000 0.0075 0.1960 0.6071 0.1856 0.0037 0.0000 0.0000
0.0000 0.0000 0.0000 0.0000 0.0000 0.0062 0.1856 0.6476 0.1588 0.0017 0.0000
0.0000 0.0000 0.0000 0.0000 0.0000 0.0000 0.0037 0.1588 0.7089 0.1281 0.0004
0.0000 0.0000 0.0000 0.0000 0.0000 0.0000 0.0000 0.0017 0.1281 0.7813 0.0890
0.0000 0.0000 0.0000 0.0000 0.0000 0.0000 0.0000 0.0000 0.0004 0.0890 0.9106
#DG from neighbouring lambda in kcal/mol
0.0000 0.1000 -3.2721 0.0429
0.1000 0.2000 -2.6789 0.0369
0.2000 0.3000 -2.4817 0.0335
0.3000 0.4000 -2.4966 0.0323
0.4000 0.5000 -2.6714 0.0320
0.5000 0.6000 -2.7739 0.0318
0.6000 0.7000 -2.7729 0.0337
0.7000 0.8000 -2.5938 0.0386
0.8000 0.9000 -2.0962 0.0455
0.9000 1.0000 -1.0948 0.0579
#PMF from MBAR in kcal/mol
0.0000 0.0000 0.0000
0.1000 -3.2721 0.0429
0.2000 -5.9511 0.0622
0.3000 -8.4328 0.0751
0.4000 -10.9295 0.0855
0.5000 -13.6008 0.0946
0.6000 -16.3748 0.1028
0.7000 -19.1476 0.1110
0.8000 -21.7414 0.1203
0.9000 -23.8376 0.1312
1.0000 -24.9324 0.1458
#TI average gradients and standard deviation in kcal/mol
0.0000 -40.1303 17.4572
0.1000 -28.9636 15.4015
0.2000 -25.9944 14.2881
0.3000 -24.6126 13.3448
0.4000 -25.7074 13.1491
0.5000 -27.3402 13.0331
0.6000 -28.2823 13.1895
0.7000 -27.3048 14.0782
0.8000 -24.5565 16.3185
0.9000 -16.9662 18.4088
1.0000 -3.0144 20.3147
#PMF from TI in kcal/mol
0.0000 0.0000
0.1000 -3.4547
0.2000 -6.2026
0.3000 -8.7329
0.4000 -11.2489
0.5000 -13.9013
0.6000 -16.6825
0.7000 -19.4618
0.8000 -22.0549
0.9000 -24.1310
1.0000 -25.1300
#MBAR free energy difference in kcal/mol: 
-24.932407, 0.145837 
#TI free energy difference in kcal/mol: 
-25.130035  
