# Analysing data contained in file(s) ['/home/jguven/projects/metalloenzymes/kpc2/outputs/SOMD/lig_15~lig_9/unbound/lambda_0.0000/simfile.dat', '/home/jguven/projects/metalloenzymes/kpc2/outputs/SOMD/lig_15~lig_9/unbound/lambda_0.0625/simfile.dat', '/home/jguven/projects/metalloenzymes/kpc2/outputs/SOMD/lig_15~lig_9/unbound/lambda_0.1250/simfile.dat', '/home/jguven/projects/metalloenzymes/kpc2/outputs/SOMD/lig_15~lig_9/unbound/lambda_0.1875/simfile.dat', '/home/jguven/projects/metalloenzymes/kpc2/outputs/SOMD/lig_15~lig_9/unbound/lambda_0.2500/simfile.dat', '/home/jguven/projects/metalloenzymes/kpc2/outputs/SOMD/lig_15~lig_9/unbound/lambda_0.3125/simfile.dat', '/home/jguven/projects/metalloenzymes/kpc2/outputs/SOMD/lig_15~lig_9/unbound/lambda_0.3750/simfile.dat', '/home/jguven/projects/metalloenzymes/kpc2/outputs/SOMD/lig_15~lig_9/unbound/lambda_0.4375/simfile.dat', '/home/jguven/projects/metalloenzymes/kpc2/outputs/SOMD/lig_15~lig_9/unbound/lambda_0.5000/simfile.dat', '/home/jguven/projects/metalloenzymes/kpc2/outputs/SOMD/lig_15~lig_9/unbound/lambda_0.5625/simfile.dat', '/home/jguven/projects/metalloenzymes/kpc2/outputs/SOMD/lig_15~lig_9/unbound/lambda_0.6250/simfile.dat', '/home/jguven/projects/metalloenzymes/kpc2/outputs/SOMD/lig_15~lig_9/unbound/lambda_0.6875/simfile.dat', '/home/jguven/projects/metalloenzymes/kpc2/outputs/SOMD/lig_15~lig_9/unbound/lambda_0.7500/simfile.dat', '/home/jguven/projects/metalloenzymes/kpc2/outputs/SOMD/lig_15~lig_9/unbound/lambda_0.8125/simfile.dat', '/home/jguven/projects/metalloenzymes/kpc2/outputs/SOMD/lig_15~lig_9/unbound/lambda_0.8750/simfile.dat', '/home/jguven/projects/metalloenzymes/kpc2/outputs/SOMD/lig_15~lig_9/unbound/lambda_0.9375/simfile.dat', '/home/jguven/projects/metalloenzymes/kpc2/outputs/SOMD/lig_15~lig_9/unbound/lambda_1.0000/simfile.dat']
#Overlap matrix
0.7388 0.2252 0.0320 0.0035 0.0004 0.0000 0.0000 0.0000 0.0000 0.0000 0.0000 0.0000 0.0000 0.0000 0.0000 0.0000 0.0000
0.2252 0.4750 0.2384 0.0518 0.0081 0.0012 0.0002 0.0001 0.0000 0.0000 0.0000 0.0000 0.0000 0.0000 0.0000 0.0000 0.0000
0.0320 0.2384 0.4124 0.2341 0.0653 0.0131 0.0031 0.0011 0.0003 0.0000 0.0000 0.0000 0.0000 0.0000 0.0000 0.0000 0.0000
0.0035 0.0518 0.2341 0.3730 0.2302 0.0759 0.0220 0.0073 0.0017 0.0003 0.0001 0.0001 0.0001 0.0001 0.0000 0.0000 0.0000
0.0004 0.0081 0.0653 0.2302 0.3390 0.2300 0.0940 0.0268 0.0048 0.0007 0.0002 0.0002 0.0001 0.0001 0.0001 0.0000 0.0000
0.0000 0.0012 0.0131 0.0759 0.2300 0.3464 0.2487 0.0727 0.0097 0.0013 0.0004 0.0002 0.0002 0.0001 0.0001 0.0000 0.0000
0.0000 0.0002 0.0031 0.0220 0.0940 0.2487 0.3893 0.2082 0.0291 0.0034 0.0009 0.0005 0.0003 0.0001 0.0001 0.0000 0.0000
0.0000 0.0001 0.0011 0.0073 0.0268 0.0727 0.2082 0.4591 0.1844 0.0291 0.0070 0.0025 0.0012 0.0005 0.0002 0.0001 0.0000
0.0000 0.0000 0.0003 0.0017 0.0048 0.0097 0.0291 0.1844 0.4698 0.2285 0.0554 0.0118 0.0033 0.0009 0.0002 0.0001 0.0000
0.0000 0.0000 0.0000 0.0003 0.0007 0.0013 0.0034 0.0291 0.2285 0.4615 0.2283 0.0398 0.0058 0.0010 0.0002 0.0000 0.0000
0.0000 0.0000 0.0000 0.0001 0.0002 0.0004 0.0009 0.0070 0.0554 0.2283 0.4733 0.2043 0.0266 0.0030 0.0004 0.0001 0.0000
0.0000 0.0000 0.0000 0.0001 0.0002 0.0002 0.0005 0.0025 0.0118 0.0398 0.2043 0.5087 0.2036 0.0256 0.0025 0.0003 0.0000
0.0000 0.0000 0.0000 0.0001 0.0001 0.0002 0.0003 0.0012 0.0033 0.0058 0.0266 0.2036 0.5137 0.2140 0.0280 0.0029 0.0003
0.0000 0.0000 0.0000 0.0001 0.0001 0.0001 0.0001 0.0005 0.0009 0.0010 0.0030 0.0256 0.2140 0.5015 0.2159 0.0335 0.0036
0.0000 0.0000 0.0000 0.0000 0.0001 0.0001 0.0001 0.0002 0.0002 0.0002 0.0004 0.0025 0.0280 0.2159 0.4850 0.2280 0.0394
0.0000 0.0000 0.0000 0.0000 0.0000 0.0000 0.0000 0.0001 0.0001 0.0000 0.0001 0.0003 0.0029 0.0335 0.2280 0.4734 0.2615
0.0000 0.0000 0.0000 0.0000 0.0000 0.0000 0.0000 0.0000 0.0000 0.0000 0.0000 0.0000 0.0003 0.0036 0.0394 0.2615 0.6950
#DG from neighbouring lambda in kcal/mol
0.0000 0.0625 -2.6967 0.0257
0.0625 0.1250 -1.4079 0.0198
0.1250 0.1875 -0.8623 0.0173
0.1875 0.2500 -0.7838 0.0151
0.2500 0.3125 -0.9037 0.0133
0.3125 0.3750 -0.7674 0.0127
0.3750 0.4375 -0.4251 0.0190
0.4375 0.5000 -0.8066 0.0249
0.5000 0.5625 -1.3362 0.0197
0.5625 0.6250 -0.9996 0.0192
0.6250 0.6875 -0.5379 0.0230
0.6875 0.7500 -0.3640 0.0248
0.7500 0.8125 -0.4059 0.0242
0.8125 0.8750 -0.5548 0.0235
0.8750 0.9375 -0.7184 0.0219
0.9375 1.0000 -0.8341 0.0217
#PMF from MBAR in kcal/mol
0.0000 0.0000 0.0000
0.0625 -2.6967 0.0257
0.1250 -4.1046 0.0382
0.1875 -4.9669 0.0458
0.2500 -5.7507 0.0512
0.3125 -6.6544 0.0553
0.3750 -7.4218 0.0583
0.4375 -7.8469 0.0626
0.5000 -8.6535 0.0695
0.5625 -9.9897 0.0746
0.6250 -10.9892 0.0781
0.6875 -11.5271 0.0826
0.7500 -11.8911 0.0877
0.8125 -12.2971 0.0927
0.8750 -12.8518 0.0976
0.9375 -13.5702 0.1019
1.0000 -14.4043 0.1060
#TI average gradients and standard deviation in kcal/mol
0.0000 -61.5974 20.5045
0.0625 -31.3673 17.0048
0.1250 -16.5229 14.4761
0.1875 -12.6222 13.2517
0.2500 -13.7779 12.4410
0.3125 -14.5027 10.8047
0.3750 -8.7685 11.7199
0.4375 -7.0933 18.5438
0.5000 -19.0987 17.5175
0.5625 -19.8360 14.5817
0.6250 -11.4737 17.1397
0.6875 -5.8592 18.7187
0.7500 -5.4909 19.3366
0.8125 -7.8861 17.6047
0.8750 -9.9318 17.5310
0.9375 -12.4475 17.2678
1.0000 -9.2317 15.7928
#PMF from TI in kcal/mol
0.0000 0.0000
0.0625 -2.9051
0.1250 -4.4017
0.1875 -5.3125
0.2500 -6.1375
0.3125 -7.0213
0.3750 -7.7485
0.4375 -8.2442
0.5000 -9.0627
0.5625 -10.2794
0.6250 -11.2578
0.6875 -11.7995
0.7500 -12.1542
0.8125 -12.5722
0.8750 -13.1290
0.9375 -13.8284
1.0000 -14.5058
#MBAR free energy difference in kcal/mol: 
-14.404286, 0.105958 
#TI free energy difference in kcal/mol: 
-14.505829  
