# Analysing data contained in file(s) ['/home/jguven/projects/metalloenzymes/kpc2/outputs/SOMD/lig_15~lig_9/unbound/lambda_0.0000/simfile.dat', '/home/jguven/projects/metalloenzymes/kpc2/outputs/SOMD/lig_15~lig_9/unbound/lambda_0.0625/simfile.dat', '/home/jguven/projects/metalloenzymes/kpc2/outputs/SOMD/lig_15~lig_9/unbound/lambda_0.1250/simfile.dat', '/home/jguven/projects/metalloenzymes/kpc2/outputs/SOMD/lig_15~lig_9/unbound/lambda_0.1875/simfile.dat', '/home/jguven/projects/metalloenzymes/kpc2/outputs/SOMD/lig_15~lig_9/unbound/lambda_0.2500/simfile.dat', '/home/jguven/projects/metalloenzymes/kpc2/outputs/SOMD/lig_15~lig_9/unbound/lambda_0.3125/simfile.dat', '/home/jguven/projects/metalloenzymes/kpc2/outputs/SOMD/lig_15~lig_9/unbound/lambda_0.3750/simfile.dat', '/home/jguven/projects/metalloenzymes/kpc2/outputs/SOMD/lig_15~lig_9/unbound/lambda_0.4375/simfile.dat', '/home/jguven/projects/metalloenzymes/kpc2/outputs/SOMD/lig_15~lig_9/unbound/lambda_0.5000/simfile.dat', '/home/jguven/projects/metalloenzymes/kpc2/outputs/SOMD/lig_15~lig_9/unbound/lambda_0.5625/simfile.dat', '/home/jguven/projects/metalloenzymes/kpc2/outputs/SOMD/lig_15~lig_9/unbound/lambda_0.6250/simfile.dat', '/home/jguven/projects/metalloenzymes/kpc2/outputs/SOMD/lig_15~lig_9/unbound/lambda_0.6875/simfile.dat', '/home/jguven/projects/metalloenzymes/kpc2/outputs/SOMD/lig_15~lig_9/unbound/lambda_0.7500/simfile.dat', '/home/jguven/projects/metalloenzymes/kpc2/outputs/SOMD/lig_15~lig_9/unbound/lambda_0.8125/simfile.dat', '/home/jguven/projects/metalloenzymes/kpc2/outputs/SOMD/lig_15~lig_9/unbound/lambda_0.8750/simfile.dat', '/home/jguven/projects/metalloenzymes/kpc2/outputs/SOMD/lig_15~lig_9/unbound/lambda_0.9375/simfile.dat', '/home/jguven/projects/metalloenzymes/kpc2/outputs/SOMD/lig_15~lig_9/unbound/lambda_1.0000/simfile.dat']
#Overlap matrix
0.8329 0.1631 0.0040 0.0000 0.0000 0.0000 0.0000 0.0000 0.0000 0.0000 0.0000 0.0000 0.0000 0.0000 0.0000 0.0000 0.0000
0.1631 0.6510 0.1774 0.0084 0.0001 0.0000 0.0000 0.0000 0.0000 0.0000 0.0000 0.0000 0.0000 0.0000 0.0000 0.0000 0.0000
0.0040 0.1774 0.5981 0.2087 0.0116 0.0002 0.0000 0.0000 0.0000 0.0000 0.0000 0.0000 0.0000 0.0000 0.0000 0.0000 0.0000
0.0000 0.0084 0.2087 0.5559 0.2098 0.0168 0.0004 0.0000 0.0000 0.0000 0.0000 0.0000 0.0000 0.0000 0.0000 0.0000 0.0000
0.0000 0.0001 0.0116 0.2098 0.5325 0.2219 0.0234 0.0006 0.0000 0.0000 0.0000 0.0000 0.0000 0.0000 0.0000 0.0000 0.0000
0.0000 0.0000 0.0002 0.0168 0.2219 0.4994 0.2362 0.0248 0.0006 0.0000 0.0000 0.0000 0.0000 0.0000 0.0000 0.0000 0.0000
0.0000 0.0000 0.0000 0.0004 0.0234 0.2362 0.4890 0.2256 0.0247 0.0008 0.0000 0.0000 0.0000 0.0000 0.0000 0.0000 0.0000
0.0000 0.0000 0.0000 0.0000 0.0006 0.0248 0.2256 0.4851 0.2344 0.0287 0.0008 0.0000 0.0000 0.0000 0.0000 0.0000 0.0000
0.0000 0.0000 0.0000 0.0000 0.0000 0.0006 0.0247 0.2344 0.4779 0.2357 0.0260 0.0006 0.0000 0.0000 0.0000 0.0000 0.0000
0.0000 0.0000 0.0000 0.0000 0.0000 0.0000 0.0008 0.0287 0.2357 0.4819 0.2287 0.0238 0.0005 0.0000 0.0000 0.0000 0.0000
0.0000 0.0000 0.0000 0.0000 0.0000 0.0000 0.0000 0.0008 0.0260 0.2287 0.4930 0.2285 0.0225 0.0004 0.0000 0.0000 0.0000
0.0000 0.0000 0.0000 0.0000 0.0000 0.0000 0.0000 0.0000 0.0006 0.0238 0.2285 0.4983 0.2297 0.0189 0.0003 0.0000 0.0000
0.0000 0.0000 0.0000 0.0000 0.0000 0.0000 0.0000 0.0000 0.0000 0.0005 0.0225 0.2297 0.5147 0.2176 0.0148 0.0001 0.0000
0.0000 0.0000 0.0000 0.0000 0.0000 0.0000 0.0000 0.0000 0.0000 0.0000 0.0004 0.0189 0.2176 0.5424 0.2102 0.0104 0.0001
0.0000 0.0000 0.0000 0.0000 0.0000 0.0000 0.0000 0.0000 0.0000 0.0000 0.0000 0.0003 0.0148 0.2102 0.5684 0.1998 0.0065
0.0000 0.0000 0.0000 0.0000 0.0000 0.0000 0.0000 0.0000 0.0000 0.0000 0.0000 0.0000 0.0001 0.0104 0.1998 0.6143 0.1753
0.0000 0.0000 0.0000 0.0000 0.0000 0.0000 0.0000 0.0000 0.0000 0.0000 0.0000 0.0000 0.0000 0.0001 0.0065 0.1753 0.8182
#DG from neighbouring lambda in kcal/mol
0.0000 0.0625 0.3927 0.0372
0.0625 0.1250 1.2014 0.0337
0.1250 0.1875 1.8322 0.0287
0.1875 0.2500 2.1882 0.0277
0.2500 0.3125 2.4463 0.0253
0.3125 0.3750 2.6762 0.0232
0.3750 0.4375 2.7753 0.0241
0.4375 0.5000 2.7863 0.0229
0.5000 0.5625 2.8688 0.0227
0.5625 0.6250 2.9249 0.0237
0.6250 0.6875 2.9948 0.0241
0.6875 0.7500 3.1607 0.0244
0.7500 0.8125 3.3706 0.0263
0.8125 0.8750 3.6421 0.0280
0.8750 0.9375 4.0074 0.0301
0.9375 1.0000 4.4961 0.0348
#PMF from MBAR in kcal/mol
0.0000 0.0000 0.0000
0.0625 0.3927 0.0372
0.1250 1.5942 0.0559
0.1875 3.4263 0.0671
0.2500 5.6146 0.0763
0.3125 8.0609 0.0834
0.3750 10.7371 0.0893
0.4375 13.5124 0.0950
0.5000 16.2987 0.1001
0.5625 19.1676 0.1049
0.6250 22.0925 0.1097
0.6875 25.0873 0.1144
0.7500 28.2480 0.1191
0.8125 31.6186 0.1240
0.8750 35.2607 0.1291
0.9375 39.2680 0.1347
1.0000 43.7642 0.1412
#TI average gradients and standard deviation in kcal/mol
0.0000 -4.0068 25.2527
0.0625 14.4039 22.7841
0.1250 24.2083 20.9303
0.1875 31.9777 19.7917
0.2500 37.6541 18.4925
0.3125 41.1271 17.6935
0.3750 43.5894 17.1818
0.4375 44.7259 17.1008
0.5000 45.6085 16.2127
0.5625 46.1921 16.7959
0.6250 47.4535 17.1345
0.6875 48.7380 17.3001
0.7500 51.7583 18.4434
0.8125 56.0197 19.0595
0.8750 60.7855 20.0239
0.9375 67.3378 20.9627
1.0000 80.4575 23.3303
#PMF from TI in kcal/mol
0.0000 0.0000
0.0625 0.3249
0.1250 1.5315
0.1875 3.2874
0.2500 5.4633
0.3125 7.9253
0.3750 10.5726
0.4375 13.3325
0.5000 16.1555
0.5625 19.0242
0.6250 21.9506
0.6875 24.9566
0.7500 28.0971
0.8125 31.4652
0.8750 35.1154
0.9375 39.1192
1.0000 43.7378
#MBAR free energy difference in kcal/mol: 
43.764175, 0.141193 
#TI free energy difference in kcal/mol: 
43.737827  
