# Analysing data contained in file(s) ['/home/jguven/projects/metalloenzymes/kpc2/outputs/SOMD/lig_6~lig_7/bound/lambda_0.0000/simfile.dat', '/home/jguven/projects/metalloenzymes/kpc2/outputs/SOMD/lig_6~lig_7/bound/lambda_0.1000/simfile.dat', '/home/jguven/projects/metalloenzymes/kpc2/outputs/SOMD/lig_6~lig_7/bound/lambda_0.2000/simfile.dat', '/home/jguven/projects/metalloenzymes/kpc2/outputs/SOMD/lig_6~lig_7/bound/lambda_0.3000/simfile.dat', '/home/jguven/projects/metalloenzymes/kpc2/outputs/SOMD/lig_6~lig_7/bound/lambda_0.4000/simfile.dat', '/home/jguven/projects/metalloenzymes/kpc2/outputs/SOMD/lig_6~lig_7/bound/lambda_0.5000/simfile.dat', '/home/jguven/projects/metalloenzymes/kpc2/outputs/SOMD/lig_6~lig_7/bound/lambda_0.6000/simfile.dat', '/home/jguven/projects/metalloenzymes/kpc2/outputs/SOMD/lig_6~lig_7/bound/lambda_0.7000/simfile.dat', '/home/jguven/projects/metalloenzymes/kpc2/outputs/SOMD/lig_6~lig_7/bound/lambda_0.8000/simfile.dat', '/home/jguven/projects/metalloenzymes/kpc2/outputs/SOMD/lig_6~lig_7/bound/lambda_0.9000/simfile.dat', '/home/jguven/projects/metalloenzymes/kpc2/outputs/SOMD/lig_6~lig_7/bound/lambda_1.0000/simfile.dat']
#Overlap matrix
0.3131 0.2335 0.1618 0.1085 0.0716 0.0465 0.0294 0.0178 0.0101 0.0053 0.0025
0.2335 0.2064 0.1646 0.1253 0.0927 0.0666 0.0461 0.0303 0.0187 0.0105 0.0053
0.1618 0.1646 0.1547 0.1359 0.1132 0.0900 0.0682 0.0488 0.0325 0.0197 0.0106
0.1085 0.1253 0.1359 0.1350 0.1249 0.1089 0.0899 0.0697 0.0502 0.0328 0.0190
0.0716 0.0927 0.1132 0.1249 0.1268 0.1206 0.1079 0.0906 0.0705 0.0499 0.0313
0.0465 0.0666 0.0900 0.1089 0.1206 0.1244 0.1206 0.1097 0.0926 0.0713 0.0488
0.0294 0.0461 0.0682 0.0899 0.1079 0.1206 0.1268 0.1252 0.1152 0.0972 0.0736
0.0178 0.0303 0.0488 0.0697 0.0906 0.1097 0.1252 0.1350 0.1365 0.1278 0.1086
0.0101 0.0187 0.0325 0.0502 0.0705 0.0926 0.1152 0.1365 0.1535 0.1621 0.1581
0.0053 0.0105 0.0197 0.0328 0.0499 0.0713 0.0972 0.1278 0.1621 0.1969 0.2264
0.0025 0.0053 0.0106 0.0190 0.0313 0.0488 0.0736 0.1086 0.1581 0.2264 0.3158
#DG from neighbouring lambda in kcal/mol
0.0000 0.1000 2.4180 0.0059
0.1000 0.2000 2.2597 0.0051
0.2000 0.3000 2.0575 0.0041
0.3000 0.4000 1.8843 0.0035
0.4000 0.5000 1.7310 0.0032
0.5000 0.6000 1.5939 0.0032
0.6000 0.7000 1.4620 0.0033
0.7000 0.8000 1.3296 0.0038
0.8000 0.9000 1.1898 0.0046
0.9000 1.0000 1.0403 0.0063
#PMF from MBAR in kcal/mol
0.0000 0.0000 0.0000
0.1000 2.4180 0.0059
0.2000 4.6776 0.0104
0.3000 6.7352 0.0138
0.4000 8.6195 0.0164
0.5000 10.3505 0.0185
0.6000 11.9444 0.0203
0.7000 13.4064 0.0220
0.8000 14.7360 0.0238
0.9000 15.9258 0.0258
1.0000 16.9662 0.0286
#TI average gradients and standard deviation in kcal/mol
0.0000 25.7969 3.1214
0.1000 22.9827 3.0346
0.2000 21.8903 2.8362
0.3000 19.9588 2.5419
0.4000 17.9773 2.3897
0.5000 16.6756 2.1283
0.6000 15.4925 2.4760
0.7000 13.8913 2.3935
0.8000 13.0409 2.4789
0.9000 11.1223 2.9418
1.0000 9.9913 3.0178
#PMF from TI in kcal/mol
0.0000 0.0000
0.1000 2.4390
0.2000 4.6826
0.3000 6.7751
0.4000 8.6719
0.5000 10.4045
0.6000 12.0129
0.7000 13.4821
0.8000 14.8287
0.9000 16.0369
1.0000 17.0926
#MBAR free energy difference in kcal/mol: 
16.966164, 0.028603 
#TI free energy difference in kcal/mol: 
17.092571  
