# Analysing data contained in file(s) ['/home/jguven/projects/metalloenzymes/kpc2/outputs/SOMD/lig_6~lig_7/bound/lambda_0.0000/simfile.dat', '/home/jguven/projects/metalloenzymes/kpc2/outputs/SOMD/lig_6~lig_7/bound/lambda_0.1000/simfile.dat', '/home/jguven/projects/metalloenzymes/kpc2/outputs/SOMD/lig_6~lig_7/bound/lambda_0.2000/simfile.dat', '/home/jguven/projects/metalloenzymes/kpc2/outputs/SOMD/lig_6~lig_7/bound/lambda_0.3000/simfile.dat', '/home/jguven/projects/metalloenzymes/kpc2/outputs/SOMD/lig_6~lig_7/bound/lambda_0.4000/simfile.dat', '/home/jguven/projects/metalloenzymes/kpc2/outputs/SOMD/lig_6~lig_7/bound/lambda_0.5000/simfile.dat', '/home/jguven/projects/metalloenzymes/kpc2/outputs/SOMD/lig_6~lig_7/bound/lambda_0.6000/simfile.dat', '/home/jguven/projects/metalloenzymes/kpc2/outputs/SOMD/lig_6~lig_7/bound/lambda_0.7000/simfile.dat', '/home/jguven/projects/metalloenzymes/kpc2/outputs/SOMD/lig_6~lig_7/bound/lambda_0.8000/simfile.dat', '/home/jguven/projects/metalloenzymes/kpc2/outputs/SOMD/lig_6~lig_7/bound/lambda_0.9000/simfile.dat', '/home/jguven/projects/metalloenzymes/kpc2/outputs/SOMD/lig_6~lig_7/bound/lambda_1.0000/simfile.dat']
#Overlap matrix
0.8240 0.1720 0.0040 0.0000 0.0000 0.0000 0.0000 0.0000 0.0000 0.0000 0.0000
0.1720 0.6491 0.1726 0.0062 0.0000 0.0000 0.0000 0.0000 0.0000 0.0000 0.0000
0.0040 0.1726 0.6097 0.2038 0.0098 0.0001 0.0000 0.0000 0.0000 0.0000 0.0000
0.0000 0.0062 0.2038 0.5699 0.2099 0.0101 0.0001 0.0000 0.0000 0.0000 0.0000
0.0000 0.0000 0.0098 0.2099 0.5624 0.2081 0.0097 0.0000 0.0000 0.0000 0.0000
0.0000 0.0000 0.0001 0.0101 0.2081 0.5728 0.2010 0.0078 0.0000 0.0000 0.0000
0.0000 0.0000 0.0000 0.0001 0.0097 0.2010 0.5833 0.1980 0.0079 0.0000 0.0000
0.0000 0.0000 0.0000 0.0000 0.0000 0.0078 0.1980 0.5972 0.1909 0.0060 0.0000
0.0000 0.0000 0.0000 0.0000 0.0000 0.0000 0.0079 0.1909 0.6166 0.1813 0.0033
0.0000 0.0000 0.0000 0.0000 0.0000 0.0000 0.0000 0.0060 0.1813 0.6607 0.1519
0.0000 0.0000 0.0000 0.0000 0.0000 0.0000 0.0000 0.0000 0.0033 0.1519 0.8448
#DG from neighbouring lambda in kcal/mol
0.0000 0.1000 -0.5984 0.0390
0.1000 0.2000 -0.1924 0.0379
0.2000 0.3000 -0.0009 0.0325
0.3000 0.4000 0.1298 0.0312
0.4000 0.5000 0.0841 0.0315
0.5000 0.6000 -0.0206 0.0327
0.6000 0.7000 -0.2158 0.0333
0.7000 0.8000 -0.1334 0.0345
0.8000 0.9000 0.1295 0.0366
0.9000 1.0000 0.5112 0.0428
#PMF from MBAR in kcal/mol
0.0000 0.0000 0.0000
0.1000 -0.5984 0.0390
0.2000 -0.7908 0.0606
0.3000 -0.7917 0.0737
0.4000 -0.6619 0.0841
0.5000 -0.5779 0.0934
0.6000 -0.5985 0.1023
0.7000 -0.8143 0.1107
0.8000 -0.9477 0.1189
0.9000 -0.8181 0.1272
1.0000 -0.3069 0.1369
#TI average gradients and standard deviation in kcal/mol
0.0000 -10.7331 15.7112
0.1000 -2.4198 14.2773
0.2000 -0.5879 13.1919
0.3000 1.9045 12.5787
0.4000 1.1886 12.5242
0.5000 -0.0844 12.7264
0.6000 -1.7030 12.4086
0.7000 -2.2920 13.1141
0.8000 0.0283 13.3053
0.9000 1.8693 14.2844
1.0000 8.8137 16.1850
#PMF from TI in kcal/mol
0.0000 0.0000
0.1000 -0.6576
0.2000 -0.8080
0.3000 -0.7422
0.4000 -0.5875
0.5000 -0.5323
0.6000 -0.6217
0.7000 -0.8215
0.8000 -0.9346
0.9000 -0.8398
1.0000 -0.3056
#MBAR free energy difference in kcal/mol: 
-0.306922, 0.136894 
#TI free energy difference in kcal/mol: 
-0.305610  
