# Analysing data contained in file(s) ['/home/jguven/projects/metalloenzymes/starmap/outputs/with_min/SOMD_2/lig_1~lig_2/unbound/lambda_0.0000/simfile.dat', '/home/jguven/projects/metalloenzymes/starmap/outputs/with_min/SOMD_2/lig_1~lig_2/unbound/lambda_0.1000/simfile.dat', '/home/jguven/projects/metalloenzymes/starmap/outputs/with_min/SOMD_2/lig_1~lig_2/unbound/lambda_0.2000/simfile.dat', '/home/jguven/projects/metalloenzymes/starmap/outputs/with_min/SOMD_2/lig_1~lig_2/unbound/lambda_0.3000/simfile.dat', '/home/jguven/projects/metalloenzymes/starmap/outputs/with_min/SOMD_2/lig_1~lig_2/unbound/lambda_0.4000/simfile.dat', '/home/jguven/projects/metalloenzymes/starmap/outputs/with_min/SOMD_2/lig_1~lig_2/unbound/lambda_0.5000/simfile.dat', '/home/jguven/projects/metalloenzymes/starmap/outputs/with_min/SOMD_2/lig_1~lig_2/unbound/lambda_0.6000/simfile.dat', '/home/jguven/projects/metalloenzymes/starmap/outputs/with_min/SOMD_2/lig_1~lig_2/unbound/lambda_0.7000/simfile.dat', '/home/jguven/projects/metalloenzymes/starmap/outputs/with_min/SOMD_2/lig_1~lig_2/unbound/lambda_0.8000/simfile.dat', '/home/jguven/projects/metalloenzymes/starmap/outputs/with_min/SOMD_2/lig_1~lig_2/unbound/lambda_0.9000/simfile.dat', '/home/jguven/projects/metalloenzymes/starmap/outputs/with_min/SOMD_2/lig_1~lig_2/unbound/lambda_1.0000/simfile.dat']
#Overlap matrix
0.8572 0.1375 0.0051 0.0002 0.0000 0.0000 0.0000 0.0000 0.0000 0.0000 0.0000
0.1375 0.6591 0.1855 0.0170 0.0009 0.0000 0.0000 0.0000 0.0000 0.0000 0.0000
0.0051 0.1855 0.5468 0.2250 0.0351 0.0025 0.0001 0.0000 0.0000 0.0000 0.0000
0.0002 0.0170 0.2250 0.4652 0.2431 0.0462 0.0033 0.0001 0.0000 0.0000 0.0000
0.0000 0.0009 0.0351 0.2431 0.4274 0.2412 0.0487 0.0035 0.0001 0.0000 0.0000
0.0000 0.0000 0.0025 0.0462 0.2412 0.4146 0.2421 0.0497 0.0035 0.0001 0.0000
0.0000 0.0000 0.0001 0.0033 0.0487 0.2421 0.4104 0.2440 0.0486 0.0028 0.0000
0.0000 0.0000 0.0000 0.0001 0.0035 0.0497 0.2440 0.4190 0.2412 0.0406 0.0018
0.0000 0.0000 0.0000 0.0000 0.0001 0.0035 0.0486 0.2412 0.4343 0.2392 0.0331
0.0000 0.0000 0.0000 0.0000 0.0000 0.0001 0.0028 0.0406 0.2392 0.4753 0.2420
0.0000 0.0000 0.0000 0.0000 0.0000 0.0000 0.0000 0.0018 0.0331 0.2420 0.7231
#DG from neighbouring lambda in kcal/mol
0.0000 0.1000 41.2169 0.0456
0.1000 0.2000 38.2143 0.0342
0.2000 0.3000 34.8435 0.0261
0.3000 0.4000 31.0802 0.0218
0.4000 0.5000 27.0642 0.0208
0.5000 0.6000 22.8793 0.0204
0.6000 0.7000 18.6537 0.0203
0.7000 0.8000 14.4473 0.0213
0.8000 0.9000 10.2451 0.0228
0.9000 1.0000 6.1497 0.0263
#PMF from MBAR in kcal/mol
0.0000 0.0000 0.0000
0.1000 41.2169 0.0456
0.2000 79.4312 0.0627
0.3000 114.2748 0.0720
0.4000 145.3550 0.0784
0.5000 172.4192 0.0839
0.6000 195.2985 0.0890
0.7000 213.9521 0.0938
0.8000 228.3995 0.0985
0.9000 238.6446 0.1036
1.0000 244.7942 0.1093
#TI average gradients and standard deviation in kcal/mol
0.0000 424.7853 18.7753
0.1000 397.5496 14.9514
0.2000 366.1128 11.7265
0.3000 330.4639 9.8895
0.4000 291.2875 9.2001
0.5000 249.8357 8.9797
0.6000 207.4488 9.1491
0.7000 165.3858 8.8561
0.8000 123.2055 9.3887
0.9000 82.1602 10.0542
1.0000 43.5897 11.0884
#PMF from TI in kcal/mol
0.0000 0.0000
0.1000 41.1167
0.2000 79.2999
0.3000 114.1287
0.4000 145.2163
0.5000 172.2724
0.6000 195.1367
0.7000 213.7784
0.8000 228.2080
0.9000 238.4762
1.0000 244.7637
#MBAR free energy difference in kcal/mol: 
244.794248, 0.109251 
#TI free energy difference in kcal/mol: 
244.763737  
