# Analysing data contained in file(s) ['/home/jguven/projects/metalloenzymes/kpc2/outputs/SOMD/lig_10~lig_8/bound/lambda_0.0000/simfile.dat', '/home/jguven/projects/metalloenzymes/kpc2/outputs/SOMD/lig_10~lig_8/bound/lambda_0.1000/simfile.dat', '/home/jguven/projects/metalloenzymes/kpc2/outputs/SOMD/lig_10~lig_8/bound/lambda_0.2000/simfile.dat', '/home/jguven/projects/metalloenzymes/kpc2/outputs/SOMD/lig_10~lig_8/bound/lambda_0.3000/simfile.dat', '/home/jguven/projects/metalloenzymes/kpc2/outputs/SOMD/lig_10~lig_8/bound/lambda_0.4000/simfile.dat', '/home/jguven/projects/metalloenzymes/kpc2/outputs/SOMD/lig_10~lig_8/bound/lambda_0.5000/simfile.dat', '/home/jguven/projects/metalloenzymes/kpc2/outputs/SOMD/lig_10~lig_8/bound/lambda_0.6000/simfile.dat', '/home/jguven/projects/metalloenzymes/kpc2/outputs/SOMD/lig_10~lig_8/bound/lambda_0.7000/simfile.dat', '/home/jguven/projects/metalloenzymes/kpc2/outputs/SOMD/lig_10~lig_8/bound/lambda_0.8000/simfile.dat', '/home/jguven/projects/metalloenzymes/kpc2/outputs/SOMD/lig_10~lig_8/bound/lambda_0.9000/simfile.dat', '/home/jguven/projects/metalloenzymes/kpc2/outputs/SOMD/lig_10~lig_8/bound/lambda_1.0000/simfile.dat']
#Overlap matrix
0.9468 0.0531 0.0000 0.0000 0.0000 0.0000 0.0000 0.0000 0.0000 0.0000 0.0000
0.0531 0.8869 0.0597 0.0003 0.0000 0.0000 0.0000 0.0000 0.0000 0.0000 0.0000
0.0000 0.0597 0.8134 0.1253 0.0016 0.0000 0.0000 0.0000 0.0000 0.0000 0.0000
0.0000 0.0003 0.1253 0.7228 0.1488 0.0028 0.0000 0.0000 0.0000 0.0000 0.0000
0.0000 0.0000 0.0016 0.1488 0.6856 0.1593 0.0047 0.0000 0.0000 0.0000 0.0000
0.0000 0.0000 0.0000 0.0028 0.1593 0.6461 0.1839 0.0080 0.0000 0.0000 0.0000
0.0000 0.0000 0.0000 0.0000 0.0047 0.1839 0.6071 0.1971 0.0071 0.0000 0.0000
0.0000 0.0000 0.0000 0.0000 0.0000 0.0080 0.1971 0.5949 0.1937 0.0063 0.0000
0.0000 0.0000 0.0000 0.0000 0.0000 0.0000 0.0071 0.1937 0.5939 0.1997 0.0055
0.0000 0.0000 0.0000 0.0000 0.0000 0.0000 0.0000 0.0063 0.1997 0.6124 0.1816
0.0000 0.0000 0.0000 0.0000 0.0000 0.0000 0.0000 0.0000 0.0055 0.1816 0.8129
#DG from neighbouring lambda in kcal/mol
0.0000 0.1000 6.2879 0.0939
0.1000 0.2000 7.2970 0.0878
0.2000 0.3000 8.3892 0.0555
0.3000 0.4000 9.3725 0.0488
0.4000 0.5000 9.9043 0.0458
0.5000 0.6000 10.2706 0.0403
0.6000 0.7000 10.7060 0.0378
0.7000 0.8000 10.9359 0.0386
0.8000 0.9000 11.0385 0.0379
0.9000 1.0000 11.1417 0.0419
#PMF from MBAR in kcal/mol
0.0000 0.0000 0.0000
0.1000 6.2879 0.0939
0.2000 13.5850 0.1325
0.3000 21.9741 0.1471
0.4000 31.3466 0.1581
0.5000 41.2509 0.1674
0.6000 51.5215 0.1748
0.7000 62.2275 0.1812
0.8000 73.1634 0.1876
0.9000 84.2019 0.1938
1.0000 95.3435 0.2005
#TI average gradients and standard deviation in kcal/mol
0.0000 52.1475 23.6669
0.1000 71.0585 20.1442
0.2000 77.4948 17.0224
0.3000 90.1328 18.1054
0.4000 96.8185 17.2436
0.5000 101.7816 14.4034
0.6000 105.0743 14.7449
0.7000 108.8726 13.4260
0.8000 108.2763 13.1457
0.9000 112.4384 12.4699
1.0000 120.7187 13.4398
#PMF from TI in kcal/mol
0.0000 0.0000
0.1000 6.1603
0.2000 13.5880
0.3000 21.9693
0.4000 31.3169
0.5000 41.2469
0.6000 51.5897
0.7000 62.2871
0.8000 73.1445
0.9000 84.1802
1.0000 95.8381
#MBAR free energy difference in kcal/mol: 
95.343530, 0.200527 
#TI free energy difference in kcal/mol: 
95.838086  
