# Analysing data contained in file(s) ['/home/jguven/projects/metalloenzymes/starmap/outputs/with_min/SOMD_3/lig_1~lig_15/bound/lambda_0.0000/simfile.dat', '/home/jguven/projects/metalloenzymes/starmap/outputs/with_min/SOMD_3/lig_1~lig_15/bound/lambda_0.1000/simfile.dat', '/home/jguven/projects/metalloenzymes/starmap/outputs/with_min/SOMD_3/lig_1~lig_15/bound/lambda_0.2000/simfile.dat', '/home/jguven/projects/metalloenzymes/starmap/outputs/with_min/SOMD_3/lig_1~lig_15/bound/lambda_0.3000/simfile.dat', '/home/jguven/projects/metalloenzymes/starmap/outputs/with_min/SOMD_3/lig_1~lig_15/bound/lambda_0.4000/simfile.dat', '/home/jguven/projects/metalloenzymes/starmap/outputs/with_min/SOMD_3/lig_1~lig_15/bound/lambda_0.5000/simfile.dat', '/home/jguven/projects/metalloenzymes/starmap/outputs/with_min/SOMD_3/lig_1~lig_15/bound/lambda_0.6000/simfile.dat', '/home/jguven/projects/metalloenzymes/starmap/outputs/with_min/SOMD_3/lig_1~lig_15/bound/lambda_0.7000/simfile.dat', '/home/jguven/projects/metalloenzymes/starmap/outputs/with_min/SOMD_3/lig_1~lig_15/bound/lambda_0.8000/simfile.dat', '/home/jguven/projects/metalloenzymes/starmap/outputs/with_min/SOMD_3/lig_1~lig_15/bound/lambda_0.9000/simfile.dat', '/home/jguven/projects/metalloenzymes/starmap/outputs/with_min/SOMD_3/lig_1~lig_15/bound/lambda_1.0000/simfile.dat']
#Overlap matrix
0.7192 0.2534 0.0266 0.0007 0.0000 0.0000 0.0000 0.0000 0.0000 0.0000 0.0000
0.2534 0.4849 0.2340 0.0269 0.0008 0.0000 0.0000 0.0000 0.0000 0.0000 0.0000
0.0266 0.2340 0.4790 0.2323 0.0273 0.0008 0.0000 0.0000 0.0000 0.0000 0.0000
0.0007 0.0269 0.2323 0.4758 0.2363 0.0271 0.0007 0.0000 0.0000 0.0000 0.0000
0.0000 0.0008 0.0273 0.2363 0.4813 0.2263 0.0271 0.0008 0.0000 0.0000 0.0000
0.0000 0.0000 0.0008 0.0271 0.2263 0.4751 0.2421 0.0278 0.0008 0.0000 0.0000
0.0000 0.0000 0.0000 0.0007 0.0271 0.2421 0.4760 0.2260 0.0272 0.0008 0.0000
0.0000 0.0000 0.0000 0.0000 0.0008 0.0278 0.2260 0.4770 0.2394 0.0281 0.0008
0.0000 0.0000 0.0000 0.0000 0.0000 0.0008 0.0272 0.2394 0.4728 0.2310 0.0288
0.0000 0.0000 0.0000 0.0000 0.0000 0.0000 0.0008 0.0281 0.2310 0.4813 0.2587
0.0000 0.0000 0.0000 0.0000 0.0000 0.0000 0.0000 0.0008 0.0288 0.2587 0.7116
#DG from neighbouring lambda in kcal/mol
0.0000 0.1000 10.8544 0.0244
0.1000 0.2000 10.9275 0.0239
0.2000 0.3000 11.0015 0.0239
0.3000 0.4000 11.0840 0.0235
0.4000 0.5000 11.1504 0.0245
0.5000 0.6000 11.2266 0.0229
0.6000 0.7000 11.3137 0.0244
0.7000 0.8000 11.3890 0.0231
0.8000 0.9000 11.4973 0.0239
0.9000 1.0000 11.6288 0.0237
#PMF from MBAR in kcal/mol
0.0000 0.0000 0.0000
0.1000 10.8544 0.0244
0.2000 21.7820 0.0407
0.3000 32.7834 0.0522
0.4000 43.8674 0.0615
0.5000 55.0179 0.0699
0.6000 66.2445 0.0769
0.7000 77.5582 0.0837
0.8000 88.9473 0.0897
0.9000 100.4446 0.0955
1.0000 112.0734 0.1008
#TI average gradients and standard deviation in kcal/mol
0.0000 109.3935 10.4851
0.1000 108.2763 10.3510
0.2000 110.0024 10.4419
0.3000 110.5764 10.3393
0.4000 111.4943 10.3768
0.5000 110.8451 10.6606
0.6000 113.7454 10.5615
0.7000 113.0192 10.4824
0.8000 115.3949 10.0836
0.9000 115.9072 10.1861
1.0000 116.9158 10.4167
#PMF from TI in kcal/mol
0.0000 0.0000
0.1000 10.8835
0.2000 21.7974
0.3000 32.8264
0.4000 43.9299
0.5000 55.0469
0.6000 66.2764
0.7000 77.6146
0.8000 89.0353
0.9000 100.6004
1.0000 112.2416
#MBAR free energy difference in kcal/mol: 
112.073377, 0.100843 
#TI free energy difference in kcal/mol: 
112.241599  
