# Analysing data contained in file(s) ['/home/jguven/projects/metalloenzymes/kpc2/outputs/SOMD/lig_2~lig_4/bound/lambda_0.0000/simfile.dat', '/home/jguven/projects/metalloenzymes/kpc2/outputs/SOMD/lig_2~lig_4/bound/lambda_0.1000/simfile.dat', '/home/jguven/projects/metalloenzymes/kpc2/outputs/SOMD/lig_2~lig_4/bound/lambda_0.2000/simfile.dat', '/home/jguven/projects/metalloenzymes/kpc2/outputs/SOMD/lig_2~lig_4/bound/lambda_0.3000/simfile.dat', '/home/jguven/projects/metalloenzymes/kpc2/outputs/SOMD/lig_2~lig_4/bound/lambda_0.4000/simfile.dat', '/home/jguven/projects/metalloenzymes/kpc2/outputs/SOMD/lig_2~lig_4/bound/lambda_0.5000/simfile.dat', '/home/jguven/projects/metalloenzymes/kpc2/outputs/SOMD/lig_2~lig_4/bound/lambda_0.6000/simfile.dat', '/home/jguven/projects/metalloenzymes/kpc2/outputs/SOMD/lig_2~lig_4/bound/lambda_0.7000/simfile.dat', '/home/jguven/projects/metalloenzymes/kpc2/outputs/SOMD/lig_2~lig_4/bound/lambda_0.8000/simfile.dat', '/home/jguven/projects/metalloenzymes/kpc2/outputs/SOMD/lig_2~lig_4/bound/lambda_0.9000/simfile.dat', '/home/jguven/projects/metalloenzymes/kpc2/outputs/SOMD/lig_2~lig_4/bound/lambda_1.0000/simfile.dat']
#Overlap matrix
0.9819 0.0181 0.0000 0.0000 0.0000 0.0000 0.0000 0.0000 0.0000 0.0000 0.0000
0.0181 0.9646 0.0173 0.0000 0.0000 0.0000 0.0000 0.0000 0.0000 0.0000 0.0000
0.0000 0.0173 0.9622 0.0205 0.0000 0.0000 0.0000 0.0000 0.0000 0.0000 0.0000
0.0000 0.0000 0.0205 0.9343 0.0452 0.0000 0.0000 0.0000 0.0000 0.0000 0.0000
0.0000 0.0000 0.0000 0.0452 0.9173 0.0375 0.0000 0.0000 0.0000 0.0000 0.0000
0.0000 0.0000 0.0000 0.0000 0.0375 0.9125 0.0498 0.0002 0.0000 0.0000 0.0000
0.0000 0.0000 0.0000 0.0000 0.0000 0.0498 0.8756 0.0744 0.0002 0.0000 0.0000
0.0000 0.0000 0.0000 0.0000 0.0000 0.0002 0.0744 0.8355 0.0897 0.0002 0.0000
0.0000 0.0000 0.0000 0.0000 0.0000 0.0000 0.0002 0.0897 0.8066 0.1033 0.0003
0.0000 0.0000 0.0000 0.0000 0.0000 0.0000 0.0000 0.0002 0.1033 0.7948 0.1016
0.0000 0.0000 0.0000 0.0000 0.0000 0.0000 0.0000 0.0000 0.0003 0.1016 0.8981
#DG from neighbouring lambda in kcal/mol
0.0000 0.1000 -0.3031 0.1352
0.1000 0.2000 -0.9183 0.1384
0.2000 0.3000 -0.7272 0.1268
0.3000 0.4000 1.2976 0.0830
0.4000 0.5000 3.0606 0.0919
0.5000 0.6000 0.6131 0.0786
0.6000 0.7000 0.6248 0.0625
0.7000 0.8000 -0.2747 0.0559
0.8000 0.9000 -1.1593 0.0512
0.9000 1.0000 -1.0789 0.0518
#PMF from MBAR in kcal/mol
0.0000 0.0000 0.0000
0.1000 -0.3031 0.1352
0.2000 -1.2214 0.1953
0.3000 -1.9486 0.2343
0.4000 -0.6510 0.2499
0.5000 2.4096 0.2675
0.6000 3.0227 0.2801
0.7000 3.6475 0.2881
0.8000 3.3728 0.2946
0.9000 2.2134 0.3001
1.0000 1.1346 0.3057
#TI average gradients and standard deviation in kcal/mol
0.0000 -7.7933 31.2308
0.1000 -2.5515 27.7867
0.2000 -8.3822 27.1758
0.3000 0.3510 26.8743
0.4000 29.6517 20.9378
0.5000 16.2822 23.6565
0.6000 4.7328 18.9959
0.7000 2.5263 21.0394
0.8000 -8.8128 17.5814
0.9000 -10.3761 17.9400
1.0000 1.0288 22.9855
#PMF from TI in kcal/mol
0.0000 0.0000
0.1000 -0.5172
0.2000 -1.0639
0.3000 -1.4655
0.4000 0.0347
0.5000 2.3314
0.6000 3.3821
0.7000 3.7451
0.8000 3.4307
0.9000 2.4713
1.0000 2.0039
#MBAR free energy difference in kcal/mol: 
1.134576, 0.305654 
#TI free energy difference in kcal/mol: 
2.003936  
