# Analysing data contained in file(s) ['/home/jguven/projects/metalloenzymes/kpc2/outputs/SOMD/lig_2~lig_4/bound/lambda_0.0000/simfile.dat', '/home/jguven/projects/metalloenzymes/kpc2/outputs/SOMD/lig_2~lig_4/bound/lambda_0.1000/simfile.dat', '/home/jguven/projects/metalloenzymes/kpc2/outputs/SOMD/lig_2~lig_4/bound/lambda_0.2000/simfile.dat', '/home/jguven/projects/metalloenzymes/kpc2/outputs/SOMD/lig_2~lig_4/bound/lambda_0.3000/simfile.dat', '/home/jguven/projects/metalloenzymes/kpc2/outputs/SOMD/lig_2~lig_4/bound/lambda_0.4000/simfile.dat', '/home/jguven/projects/metalloenzymes/kpc2/outputs/SOMD/lig_2~lig_4/bound/lambda_0.5000/simfile.dat', '/home/jguven/projects/metalloenzymes/kpc2/outputs/SOMD/lig_2~lig_4/bound/lambda_0.6000/simfile.dat', '/home/jguven/projects/metalloenzymes/kpc2/outputs/SOMD/lig_2~lig_4/bound/lambda_0.7000/simfile.dat', '/home/jguven/projects/metalloenzymes/kpc2/outputs/SOMD/lig_2~lig_4/bound/lambda_0.8000/simfile.dat', '/home/jguven/projects/metalloenzymes/kpc2/outputs/SOMD/lig_2~lig_4/bound/lambda_0.9000/simfile.dat', '/home/jguven/projects/metalloenzymes/kpc2/outputs/SOMD/lig_2~lig_4/bound/lambda_1.0000/simfile.dat']
#Overlap matrix
0.9680 0.0320 0.0001 0.0000 0.0000 0.0000 0.0000 0.0000 0.0000 0.0000 0.0000
0.0320 0.8696 0.0979 0.0005 0.0000 0.0000 0.0000 0.0000 0.0000 0.0000 0.0000
0.0001 0.0979 0.7880 0.1124 0.0017 0.0000 0.0000 0.0000 0.0000 0.0000 0.0000
0.0000 0.0005 0.1124 0.7253 0.1587 0.0030 0.0000 0.0000 0.0000 0.0000 0.0000
0.0000 0.0000 0.0017 0.1587 0.6801 0.1531 0.0064 0.0001 0.0000 0.0000 0.0000
0.0000 0.0000 0.0000 0.0030 0.1531 0.6100 0.2199 0.0139 0.0001 0.0000 0.0000
0.0000 0.0000 0.0000 0.0000 0.0064 0.2199 0.5515 0.2102 0.0120 0.0001 0.0000
0.0000 0.0000 0.0000 0.0000 0.0001 0.0139 0.2102 0.5543 0.2091 0.0123 0.0002
0.0000 0.0000 0.0000 0.0000 0.0000 0.0001 0.0120 0.2091 0.5501 0.2129 0.0158
0.0000 0.0000 0.0000 0.0000 0.0000 0.0000 0.0001 0.0123 0.2129 0.5289 0.2459
0.0000 0.0000 0.0000 0.0000 0.0000 0.0000 0.0000 0.0002 0.0158 0.2459 0.7382
#DG from neighbouring lambda in kcal/mol
0.0000 0.1000 0.4999 0.1249
0.1000 0.2000 2.5620 0.0660
0.2000 0.3000 3.6665 0.0600
0.3000 0.4000 4.1201 0.0469
0.4000 0.5000 4.0211 0.0472
0.5000 0.6000 4.0185 0.0341
0.6000 0.7000 4.0493 0.0347
0.7000 0.8000 3.6021 0.0351
0.8000 0.9000 3.0479 0.0341
0.9000 1.0000 2.6586 0.0313
#PMF from MBAR in kcal/mol
0.0000 0.0000 0.0000
0.1000 0.4999 0.1249
0.2000 3.0620 0.1450
0.3000 6.7285 0.1601
0.4000 10.8485 0.1697
0.5000 14.8696 0.1788
0.6000 18.8881 0.1845
0.7000 22.9375 0.1899
0.8000 26.5396 0.1953
0.9000 29.5876 0.2003
1.0000 32.2462 0.2047
#TI average gradients and standard deviation in kcal/mol
0.0000 1.4135 24.1096
0.1000 12.8058 19.6021
0.2000 36.8404 19.2653
0.3000 38.9485 15.4153
0.4000 42.2876 12.9146
0.5000 40.6462 12.7552
0.6000 40.3080 11.9475
0.7000 40.1312 12.2419
0.8000 35.0641 11.5039
0.9000 27.6824 12.1888
1.0000 32.5465 11.5893
#PMF from TI in kcal/mol
0.0000 0.0000
0.1000 0.7110
0.2000 3.1933
0.3000 6.9827
0.4000 11.0445
0.5000 15.1912
0.6000 19.2389
0.7000 23.2609
0.8000 27.0206
0.9000 30.1580
1.0000 33.1694
#MBAR free energy difference in kcal/mol: 
32.246156, 0.204741 
#TI free energy difference in kcal/mol: 
33.169410  
