# Analysing data contained in file(s) ['/home/jguven/projects/metalloenzymes/kpc2/outputs/SOMD/lig_3~lig_6/bound/lambda_0.0000/simfile.dat', '/home/jguven/projects/metalloenzymes/kpc2/outputs/SOMD/lig_3~lig_6/bound/lambda_0.0625/simfile.dat', '/home/jguven/projects/metalloenzymes/kpc2/outputs/SOMD/lig_3~lig_6/bound/lambda_0.1250/simfile.dat', '/home/jguven/projects/metalloenzymes/kpc2/outputs/SOMD/lig_3~lig_6/bound/lambda_0.1875/simfile.dat', '/home/jguven/projects/metalloenzymes/kpc2/outputs/SOMD/lig_3~lig_6/bound/lambda_0.2500/simfile.dat', '/home/jguven/projects/metalloenzymes/kpc2/outputs/SOMD/lig_3~lig_6/bound/lambda_0.3125/simfile.dat', '/home/jguven/projects/metalloenzymes/kpc2/outputs/SOMD/lig_3~lig_6/bound/lambda_0.3750/simfile.dat', '/home/jguven/projects/metalloenzymes/kpc2/outputs/SOMD/lig_3~lig_6/bound/lambda_0.4375/simfile.dat', '/home/jguven/projects/metalloenzymes/kpc2/outputs/SOMD/lig_3~lig_6/bound/lambda_0.5000/simfile.dat', '/home/jguven/projects/metalloenzymes/kpc2/outputs/SOMD/lig_3~lig_6/bound/lambda_0.5625/simfile.dat', '/home/jguven/projects/metalloenzymes/kpc2/outputs/SOMD/lig_3~lig_6/bound/lambda_0.6250/simfile.dat', '/home/jguven/projects/metalloenzymes/kpc2/outputs/SOMD/lig_3~lig_6/bound/lambda_0.6875/simfile.dat', '/home/jguven/projects/metalloenzymes/kpc2/outputs/SOMD/lig_3~lig_6/bound/lambda_0.7500/simfile.dat', '/home/jguven/projects/metalloenzymes/kpc2/outputs/SOMD/lig_3~lig_6/bound/lambda_0.8125/simfile.dat', '/home/jguven/projects/metalloenzymes/kpc2/outputs/SOMD/lig_3~lig_6/bound/lambda_0.8750/simfile.dat', '/home/jguven/projects/metalloenzymes/kpc2/outputs/SOMD/lig_3~lig_6/bound/lambda_0.9375/simfile.dat', '/home/jguven/projects/metalloenzymes/kpc2/outputs/SOMD/lig_3~lig_6/bound/lambda_1.0000/simfile.dat']
#Overlap matrix
0.5789 0.2888 0.0990 0.0258 0.0060 0.0013 0.0002 0.0000 0.0000 0.0000 0.0000 0.0000 0.0000 0.0000 0.0000 0.0000 0.0000
0.2888 0.3464 0.2299 0.0941 0.0303 0.0084 0.0018 0.0003 0.0000 0.0000 0.0000 0.0000 0.0000 0.0000 0.0000 0.0000 0.0000
0.0990 0.2299 0.2987 0.2149 0.1041 0.0393 0.0113 0.0024 0.0004 0.0000 0.0000 0.0000 0.0000 0.0000 0.0000 0.0000 0.0000
0.0258 0.0941 0.2149 0.2752 0.2135 0.1153 0.0451 0.0129 0.0027 0.0004 0.0000 0.0000 0.0000 0.0000 0.0000 0.0000 0.0000
0.0060 0.0303 0.1041 0.2135 0.2603 0.2078 0.1152 0.0459 0.0135 0.0029 0.0005 0.0001 0.0000 0.0000 0.0000 0.0000 0.0000
0.0013 0.0084 0.0393 0.1153 0.2078 0.2466 0.2004 0.1149 0.0478 0.0145 0.0031 0.0005 0.0001 0.0000 0.0000 0.0000 0.0000
0.0002 0.0018 0.0113 0.0451 0.1152 0.2004 0.2398 0.1992 0.1180 0.0500 0.0150 0.0032 0.0005 0.0001 0.0000 0.0000 0.0000
0.0000 0.0003 0.0024 0.0129 0.0459 0.1149 0.1992 0.2377 0.1994 0.1187 0.0500 0.0149 0.0032 0.0005 0.0000 0.0000 0.0000
0.0000 0.0000 0.0004 0.0027 0.0135 0.0478 0.1180 0.1994 0.2357 0.1979 0.1175 0.0491 0.0145 0.0030 0.0004 0.0000 0.0000
0.0000 0.0000 0.0000 0.0004 0.0029 0.0145 0.0500 0.1187 0.1979 0.2353 0.1978 0.1170 0.0486 0.0139 0.0025 0.0003 0.0000
0.0000 0.0000 0.0000 0.0000 0.0005 0.0031 0.0150 0.0500 0.1175 0.1978 0.2371 0.2006 0.1181 0.0468 0.0114 0.0017 0.0002
0.0000 0.0000 0.0000 0.0000 0.0001 0.0005 0.0032 0.0149 0.0491 0.1170 0.2006 0.2444 0.2070 0.1155 0.0386 0.0079 0.0012
0.0000 0.0000 0.0000 0.0000 0.0000 0.0001 0.0005 0.0032 0.0145 0.0486 0.1181 0.2070 0.2579 0.2118 0.1019 0.0301 0.0063
0.0000 0.0000 0.0000 0.0000 0.0000 0.0000 0.0001 0.0005 0.0030 0.0139 0.0468 0.1155 0.2118 0.2719 0.2109 0.0964 0.0292
0.0000 0.0000 0.0000 0.0000 0.0000 0.0000 0.0000 0.0000 0.0004 0.0025 0.0114 0.0386 0.1019 0.2109 0.2929 0.2310 0.1102
0.0000 0.0000 0.0000 0.0000 0.0000 0.0000 0.0000 0.0000 0.0000 0.0003 0.0017 0.0079 0.0301 0.0964 0.2310 0.3367 0.2958
0.0000 0.0000 0.0000 0.0000 0.0000 0.0000 0.0000 0.0000 0.0000 0.0000 0.0002 0.0012 0.0063 0.0292 0.1102 0.2958 0.5570
#DG from neighbouring lambda in kcal/mol
0.0000 0.0625 1.9974 0.0161
0.0625 0.1250 2.2211 0.0139
0.1250 0.1875 2.3362 0.0127
0.1875 0.2500 2.4375 0.0108
0.2500 0.3125 2.5068 0.0100
0.3125 0.3750 2.4974 0.0099
0.3750 0.4375 2.4403 0.0096
0.4375 0.5000 2.3748 0.0093
0.5000 0.5625 2.3098 0.0094
0.5625 0.6250 2.2466 0.0095
0.6250 0.6875 2.2031 0.0096
0.6875 0.7500 2.2031 0.0098
0.7500 0.8125 2.2442 0.0109
0.8125 0.8750 2.2639 0.0128
0.8750 0.9375 2.2674 0.0132
0.9375 1.0000 2.4089 0.0147
#PMF from MBAR in kcal/mol
0.0000 0.0000 0.0000
0.0625 1.9974 0.0161
0.1250 4.2184 0.0266
0.1875 6.5546 0.0338
0.2500 8.9922 0.0388
0.3125 11.4990 0.0427
0.3750 13.9963 0.0463
0.4375 16.4366 0.0495
0.5000 18.8114 0.0525
0.5625 21.1212 0.0552
0.6250 23.3678 0.0579
0.6875 25.5709 0.0605
0.7500 27.7740 0.0630
0.8125 30.0182 0.0657
0.8750 32.2822 0.0688
0.9375 34.5495 0.0721
1.0000 36.9584 0.0755
#TI average gradients and standard deviation in kcal/mol
0.0000 29.4236 12.1764
0.0625 36.1454 11.0928
0.1250 37.4711 10.2237
0.1875 40.0443 9.2325
0.2500 40.8279 9.0297
0.3125 39.6416 9.2442
0.3750 39.2129 8.0847
0.4375 39.1822 8.1935
0.5000 37.7378 8.2850
0.5625 36.8013 8.0386
0.6250 37.4935 8.4686
0.6875 34.4431 7.8381
0.7500 35.9936 8.8863
0.8125 35.6556 9.1544
0.8750 33.9135 8.6654
0.9375 37.5362 9.7747
1.0000 44.5392 12.9088
#PMF from TI in kcal/mol
0.0000 0.0000
0.0625 2.0490
0.1250 4.3495
0.1875 6.7719
0.2500 9.2992
0.3125 11.8138
0.3750 14.2780
0.4375 16.7279
0.5000 19.1316
0.5625 21.4610
0.6250 23.7827
0.6875 26.0307
0.7500 28.2319
0.8125 30.4709
0.8750 32.6449
0.9375 34.8777
1.0000 37.4426
#MBAR free energy difference in kcal/mol: 
36.958404, 0.075506 
#TI free energy difference in kcal/mol: 
37.442586  
