# Analysing data contained in file(s) ['/home/jguven/projects/metalloenzymes/starmap/outputs/with_min/SOMD_3/lig_1~lig_8/unbound/lambda_0.0000/simfile.dat', '/home/jguven/projects/metalloenzymes/starmap/outputs/with_min/SOMD_3/lig_1~lig_8/unbound/lambda_0.1000/simfile.dat', '/home/jguven/projects/metalloenzymes/starmap/outputs/with_min/SOMD_3/lig_1~lig_8/unbound/lambda_0.2000/simfile.dat', '/home/jguven/projects/metalloenzymes/starmap/outputs/with_min/SOMD_3/lig_1~lig_8/unbound/lambda_0.3000/simfile.dat', '/home/jguven/projects/metalloenzymes/starmap/outputs/with_min/SOMD_3/lig_1~lig_8/unbound/lambda_0.4000/simfile.dat', '/home/jguven/projects/metalloenzymes/starmap/outputs/with_min/SOMD_3/lig_1~lig_8/unbound/lambda_0.5000/simfile.dat', '/home/jguven/projects/metalloenzymes/starmap/outputs/with_min/SOMD_3/lig_1~lig_8/unbound/lambda_0.6000/simfile.dat', '/home/jguven/projects/metalloenzymes/starmap/outputs/with_min/SOMD_3/lig_1~lig_8/unbound/lambda_0.7000/simfile.dat', '/home/jguven/projects/metalloenzymes/starmap/outputs/with_min/SOMD_3/lig_1~lig_8/unbound/lambda_0.8000/simfile.dat', '/home/jguven/projects/metalloenzymes/starmap/outputs/with_min/SOMD_3/lig_1~lig_8/unbound/lambda_0.9000/simfile.dat', '/home/jguven/projects/metalloenzymes/starmap/outputs/with_min/SOMD_3/lig_1~lig_8/unbound/lambda_1.0000/simfile.dat']
#Overlap matrix
0.7889 0.2029 0.0082 0.0000 0.0000 0.0000 0.0000 0.0000 0.0000 0.0000 0.0000
0.2029 0.5822 0.2061 0.0087 0.0001 0.0000 0.0000 0.0000 0.0000 0.0000 0.0000
0.0082 0.2061 0.5746 0.2013 0.0097 0.0001 0.0000 0.0000 0.0000 0.0000 0.0000
0.0000 0.0087 0.2013 0.5703 0.2090 0.0105 0.0001 0.0000 0.0000 0.0000 0.0000
0.0000 0.0001 0.0097 0.2090 0.5625 0.2075 0.0112 0.0001 0.0000 0.0000 0.0000
0.0000 0.0000 0.0001 0.0105 0.2075 0.5618 0.2103 0.0098 0.0001 0.0000 0.0000
0.0000 0.0000 0.0000 0.0001 0.0112 0.2103 0.5612 0.2058 0.0114 0.0001 0.0000
0.0000 0.0000 0.0000 0.0000 0.0001 0.0098 0.2058 0.5648 0.2109 0.0086 0.0000
0.0000 0.0000 0.0000 0.0000 0.0000 0.0001 0.0114 0.2109 0.5799 0.1919 0.0059
0.0000 0.0000 0.0000 0.0000 0.0000 0.0000 0.0001 0.0086 0.1919 0.6230 0.1764
0.0000 0.0000 0.0000 0.0000 0.0000 0.0000 0.0000 0.0000 0.0059 0.1764 0.8176
#DG from neighbouring lambda in kcal/mol
0.0000 0.1000 9.5398 0.0307
0.1000 0.2000 8.7911 0.0293
0.2000 0.3000 8.0283 0.0297
0.3000 0.4000 7.2779 0.0286
0.4000 0.5000 6.5303 0.0286
0.5000 0.6000 5.7877 0.0284
0.6000 0.7000 4.9830 0.0289
0.7000 0.8000 4.4036 0.0284
0.8000 0.9000 3.9084 0.0313
0.9000 1.0000 3.6460 0.0346
#PMF from MBAR in kcal/mol
0.0000 0.0000 0.0000
0.1000 9.5398 0.0307
0.2000 18.3309 0.0487
0.3000 26.3592 0.0618
0.4000 33.6371 0.0721
0.5000 40.1673 0.0810
0.6000 45.9550 0.0890
0.7000 50.9380 0.0965
0.8000 55.3416 0.1033
0.9000 59.2500 0.1105
1.0000 62.8960 0.1183
#TI average gradients and standard deviation in kcal/mol
0.0000 96.7258 13.2146
0.1000 91.6548 12.8373
0.2000 84.0263 12.8302
0.3000 76.5744 12.5405
0.4000 68.7176 12.2925
0.5000 61.2590 12.3969
0.6000 53.6045 12.1419
0.7000 46.6964 12.2436
0.8000 41.4675 12.7251
0.9000 37.3750 13.7733
1.0000 36.7095 15.1457
#PMF from TI in kcal/mol
0.0000 0.0000
0.1000 9.4190
0.2000 18.2031
0.3000 26.2331
0.4000 33.4977
0.5000 39.9965
0.6000 45.7397
0.7000 50.7548
0.8000 55.1630
0.9000 59.1051
1.0000 62.8093
#MBAR free energy difference in kcal/mol: 
62.895966, 0.118291 
#TI free energy difference in kcal/mol: 
62.809300  
