# Analysing data contained in file(s) ['/home/jguven/projects/metalloenzymes/starmap/outputs/no_min/SOMD_1/lig_1~lig_15/bound/lambda_0.0000/simfile.dat', '/home/jguven/projects/metalloenzymes/starmap/outputs/no_min/SOMD_1/lig_1~lig_15/bound/lambda_0.1000/simfile.dat', '/home/jguven/projects/metalloenzymes/starmap/outputs/no_min/SOMD_1/lig_1~lig_15/bound/lambda_0.2000/simfile.dat', '/home/jguven/projects/metalloenzymes/starmap/outputs/no_min/SOMD_1/lig_1~lig_15/bound/lambda_0.3000/simfile.dat', '/home/jguven/projects/metalloenzymes/starmap/outputs/no_min/SOMD_1/lig_1~lig_15/bound/lambda_0.4000/simfile.dat', '/home/jguven/projects/metalloenzymes/starmap/outputs/no_min/SOMD_1/lig_1~lig_15/bound/lambda_0.5000/simfile.dat', '/home/jguven/projects/metalloenzymes/starmap/outputs/no_min/SOMD_1/lig_1~lig_15/bound/lambda_0.6000/simfile.dat', '/home/jguven/projects/metalloenzymes/starmap/outputs/no_min/SOMD_1/lig_1~lig_15/bound/lambda_0.7000/simfile.dat', '/home/jguven/projects/metalloenzymes/starmap/outputs/no_min/SOMD_1/lig_1~lig_15/bound/lambda_0.8000/simfile.dat', '/home/jguven/projects/metalloenzymes/starmap/outputs/no_min/SOMD_1/lig_1~lig_15/bound/lambda_0.9000/simfile.dat', '/home/jguven/projects/metalloenzymes/starmap/outputs/no_min/SOMD_1/lig_1~lig_15/bound/lambda_1.0000/simfile.dat']
#Overlap matrix
0.7227 0.2494 0.0272 0.0008 0.0000 0.0000 0.0000 0.0000 0.0000 0.0000 0.0000
0.2494 0.4901 0.2325 0.0273 0.0008 0.0000 0.0000 0.0000 0.0000 0.0000 0.0000
0.0272 0.2325 0.4753 0.2369 0.0274 0.0007 0.0000 0.0000 0.0000 0.0000 0.0000
0.0008 0.0273 0.2369 0.4788 0.2293 0.0263 0.0007 0.0000 0.0000 0.0000 0.0000
0.0000 0.0008 0.0274 0.2293 0.4788 0.2358 0.0272 0.0008 0.0000 0.0000 0.0000
0.0000 0.0000 0.0007 0.0263 0.2358 0.4775 0.2316 0.0273 0.0009 0.0000 0.0000
0.0000 0.0000 0.0000 0.0007 0.0272 0.2316 0.4719 0.2359 0.0317 0.0009 0.0000
0.0000 0.0000 0.0000 0.0000 0.0008 0.0273 0.2359 0.4726 0.2359 0.0265 0.0010
0.0000 0.0000 0.0000 0.0000 0.0000 0.0009 0.0317 0.2359 0.4667 0.2302 0.0345
0.0000 0.0000 0.0000 0.0000 0.0000 0.0000 0.0009 0.0265 0.2302 0.4689 0.2735
0.0000 0.0000 0.0000 0.0000 0.0000 0.0000 0.0000 0.0010 0.0345 0.2735 0.6910
#DG from neighbouring lambda in kcal/mol
0.0000 0.1000 10.8304 0.0260
0.1000 0.2000 10.9109 0.0251
0.2000 0.3000 10.9999 0.0246
0.3000 0.4000 11.0909 0.0255
0.4000 0.5000 11.1441 0.0248
0.5000 0.6000 11.2185 0.0251
0.6000 0.7000 11.3019 0.0243
0.7000 0.8000 11.4792 0.0244
0.8000 0.9000 11.5658 0.0248
0.9000 1.0000 11.8264 0.0230
#PMF from MBAR in kcal/mol
0.0000 0.0000 0.0000
0.1000 10.8304 0.0260
0.2000 21.7414 0.0429
0.3000 32.7412 0.0548
0.4000 43.8321 0.0648
0.5000 54.9762 0.0734
0.6000 66.1947 0.0811
0.7000 77.4967 0.0879
0.8000 88.9759 0.0940
0.9000 100.5417 0.1001
1.0000 112.3681 0.1052
#TI average gradients and standard deviation in kcal/mol
0.0000 109.2140 10.5173
0.1000 108.4551 10.4579
0.2000 108.5780 10.3573
0.3000 111.1300 10.4973
0.4000 110.0714 10.6246
0.5000 112.3332 10.4162
0.6000 112.2099 10.1582
0.7000 113.5839 10.0770
0.8000 115.5684 10.3028
0.9000 115.2944 10.3854
1.0000 120.4889 10.3672
#PMF from TI in kcal/mol
0.0000 0.0000
0.1000 10.8835
0.2000 21.7351
0.3000 32.7205
0.4000 43.7806
0.5000 54.9008
0.6000 66.1280
0.7000 77.4176
0.8000 88.8753
0.9000 100.4184
1.0000 112.2076
#MBAR free energy difference in kcal/mol: 
112.368114, 0.105188 
#TI free energy difference in kcal/mol: 
112.207558  
