# Analysing data contained in file(s) ['/home/jguven/projects/metalloenzymes/starmap/outputs/with_min/SOMD_3/lig_1~lig_16/bound/lambda_0.0000/simfile.dat', '/home/jguven/projects/metalloenzymes/starmap/outputs/with_min/SOMD_3/lig_1~lig_16/bound/lambda_0.1000/simfile.dat', '/home/jguven/projects/metalloenzymes/starmap/outputs/with_min/SOMD_3/lig_1~lig_16/bound/lambda_0.2000/simfile.dat', '/home/jguven/projects/metalloenzymes/starmap/outputs/with_min/SOMD_3/lig_1~lig_16/bound/lambda_0.3000/simfile.dat', '/home/jguven/projects/metalloenzymes/starmap/outputs/with_min/SOMD_3/lig_1~lig_16/bound/lambda_0.4000/simfile.dat', '/home/jguven/projects/metalloenzymes/starmap/outputs/with_min/SOMD_3/lig_1~lig_16/bound/lambda_0.5000/simfile.dat', '/home/jguven/projects/metalloenzymes/starmap/outputs/with_min/SOMD_3/lig_1~lig_16/bound/lambda_0.6000/simfile.dat', '/home/jguven/projects/metalloenzymes/starmap/outputs/with_min/SOMD_3/lig_1~lig_16/bound/lambda_0.7000/simfile.dat', '/home/jguven/projects/metalloenzymes/starmap/outputs/with_min/SOMD_3/lig_1~lig_16/bound/lambda_0.8000/simfile.dat', '/home/jguven/projects/metalloenzymes/starmap/outputs/with_min/SOMD_3/lig_1~lig_16/bound/lambda_0.9000/simfile.dat', '/home/jguven/projects/metalloenzymes/starmap/outputs/with_min/SOMD_3/lig_1~lig_16/bound/lambda_1.0000/simfile.dat']
#Overlap matrix
0.6553 0.2859 0.0548 0.0039 0.0001 0.0000 0.0000 0.0000 0.0000 0.0000 0.0000
0.2859 0.4194 0.2408 0.0496 0.0041 0.0001 0.0000 0.0000 0.0000 0.0000 0.0000
0.0548 0.2408 0.4043 0.2400 0.0551 0.0049 0.0002 0.0000 0.0000 0.0000 0.0000
0.0039 0.0496 0.2400 0.3999 0.2443 0.0572 0.0048 0.0001 0.0000 0.0000 0.0000
0.0001 0.0041 0.0551 0.2443 0.3941 0.2434 0.0545 0.0042 0.0001 0.0000 0.0000
0.0000 0.0001 0.0049 0.0572 0.2434 0.3993 0.2391 0.0517 0.0042 0.0001 0.0000
0.0000 0.0000 0.0002 0.0048 0.0545 0.2391 0.3988 0.2455 0.0534 0.0035 0.0001
0.0000 0.0000 0.0000 0.0001 0.0042 0.0517 0.2455 0.4079 0.2414 0.0463 0.0028
0.0000 0.0000 0.0000 0.0000 0.0001 0.0042 0.0534 0.2414 0.4147 0.2411 0.0452
0.0000 0.0000 0.0000 0.0000 0.0000 0.0001 0.0035 0.0463 0.2411 0.4394 0.2696
0.0000 0.0000 0.0000 0.0000 0.0000 0.0000 0.0001 0.0028 0.0452 0.2696 0.6823
#DG from neighbouring lambda in kcal/mol
0.0000 0.1000 6.4625 0.0198
0.1000 0.2000 5.9008 0.0199
0.2000 0.3000 5.2953 0.0196
0.3000 0.4000 4.7679 0.0188
0.4000 0.5000 4.2715 0.0188
0.5000 0.6000 3.7418 0.0196
0.6000 0.7000 3.1817 0.0192
0.7000 0.8000 2.6322 0.0200
0.8000 0.9000 1.9997 0.0208
0.9000 1.0000 1.3702 0.0220
#PMF from MBAR in kcal/mol
0.0000 0.0000 0.0000
0.1000 6.4625 0.0198
0.2000 12.3633 0.0344
0.3000 17.6586 0.0449
0.4000 22.4265 0.0528
0.5000 26.6980 0.0597
0.6000 30.4398 0.0661
0.7000 33.6215 0.0720
0.8000 36.2537 0.0775
0.9000 38.2534 0.0831
1.0000 39.6236 0.0886
#TI average gradients and standard deviation in kcal/mol
0.0000 67.7649 8.9596
0.1000 61.8195 8.7002
0.2000 56.4419 8.5943
0.3000 50.9615 8.5720
0.4000 44.1675 8.5363
0.5000 40.5838 8.7662
0.6000 34.6109 8.7422
0.7000 28.6313 8.6059
0.8000 23.1356 9.0477
0.9000 16.8039 9.2232
1.0000 10.5928 9.2397
#PMF from TI in kcal/mol
0.0000 0.0000
0.1000 6.4792
0.2000 12.3923
0.3000 17.7625
0.4000 22.5189
0.5000 26.7565
0.6000 30.5162
0.7000 33.6783
0.8000 36.2667
0.9000 38.2636
1.0000 39.6335
#MBAR free energy difference in kcal/mol: 
39.623640, 0.088622 
#TI free energy difference in kcal/mol: 
39.633467  
