# Analysing data contained in file(s) ['/home/jguven/projects/metalloenzymes/starmap/outputs/with_min/SOMD_2/lig_1~lig_8/unbound/lambda_0.0000/simfile.dat', '/home/jguven/projects/metalloenzymes/starmap/outputs/with_min/SOMD_2/lig_1~lig_8/unbound/lambda_0.1000/simfile.dat', '/home/jguven/projects/metalloenzymes/starmap/outputs/with_min/SOMD_2/lig_1~lig_8/unbound/lambda_0.2000/simfile.dat', '/home/jguven/projects/metalloenzymes/starmap/outputs/with_min/SOMD_2/lig_1~lig_8/unbound/lambda_0.3000/simfile.dat', '/home/jguven/projects/metalloenzymes/starmap/outputs/with_min/SOMD_2/lig_1~lig_8/unbound/lambda_0.4000/simfile.dat', '/home/jguven/projects/metalloenzymes/starmap/outputs/with_min/SOMD_2/lig_1~lig_8/unbound/lambda_0.5000/simfile.dat', '/home/jguven/projects/metalloenzymes/starmap/outputs/with_min/SOMD_2/lig_1~lig_8/unbound/lambda_0.6000/simfile.dat', '/home/jguven/projects/metalloenzymes/starmap/outputs/with_min/SOMD_2/lig_1~lig_8/unbound/lambda_0.7000/simfile.dat', '/home/jguven/projects/metalloenzymes/starmap/outputs/with_min/SOMD_2/lig_1~lig_8/unbound/lambda_0.8000/simfile.dat', '/home/jguven/projects/metalloenzymes/starmap/outputs/with_min/SOMD_2/lig_1~lig_8/unbound/lambda_0.9000/simfile.dat', '/home/jguven/projects/metalloenzymes/starmap/outputs/with_min/SOMD_2/lig_1~lig_8/unbound/lambda_1.0000/simfile.dat']
#Overlap matrix
0.7852 0.2069 0.0079 0.0000 0.0000 0.0000 0.0000 0.0000 0.0000 0.0000 0.0000
0.2069 0.5844 0.2005 0.0082 0.0001 0.0000 0.0000 0.0000 0.0000 0.0000 0.0000
0.0079 0.2005 0.5786 0.2031 0.0098 0.0001 0.0000 0.0000 0.0000 0.0000 0.0000
0.0000 0.0082 0.2031 0.5702 0.2082 0.0103 0.0001 0.0000 0.0000 0.0000 0.0000
0.0000 0.0001 0.0098 0.2082 0.5605 0.2115 0.0099 0.0001 0.0000 0.0000 0.0000
0.0000 0.0000 0.0001 0.0103 0.2115 0.5656 0.2009 0.0116 0.0001 0.0000 0.0000
0.0000 0.0000 0.0000 0.0001 0.0099 0.2009 0.5593 0.2180 0.0119 0.0001 0.0000
0.0000 0.0000 0.0000 0.0000 0.0001 0.0116 0.2180 0.5540 0.2071 0.0092 0.0000
0.0000 0.0000 0.0000 0.0000 0.0000 0.0001 0.0119 0.2071 0.5847 0.1911 0.0052
0.0000 0.0000 0.0000 0.0000 0.0000 0.0000 0.0001 0.0092 0.1911 0.6208 0.1788
0.0000 0.0000 0.0000 0.0000 0.0000 0.0000 0.0000 0.0000 0.0052 0.1788 0.8159
#DG from neighbouring lambda in kcal/mol
0.0000 0.1000 9.5983 0.0296
0.1000 0.2000 8.8230 0.0294
0.2000 0.3000 8.0135 0.0289
0.3000 0.4000 7.2687 0.0281
0.4000 0.5000 6.5097 0.0277
0.5000 0.6000 5.6933 0.0287
0.6000 0.7000 5.0014 0.0266
0.7000 0.8000 4.4439 0.0281
0.8000 0.9000 4.0055 0.0307
0.9000 1.0000 3.6604 0.0336
#PMF from MBAR in kcal/mol
0.0000 0.0000 0.0000
0.1000 9.5983 0.0296
0.2000 18.4213 0.0478
0.3000 26.4349 0.0605
0.4000 33.7036 0.0706
0.5000 40.2133 0.0792
0.6000 45.9066 0.0874
0.7000 50.9081 0.0941
0.8000 55.3520 0.1008
0.9000 59.3575 0.1079
1.0000 63.0178 0.1155
#TI average gradients and standard deviation in kcal/mol
0.0000 97.4130 12.9562
0.1000 91.6787 12.7719
0.2000 84.4360 12.8291
0.3000 76.6364 12.5191
0.4000 68.9596 12.4745
0.5000 60.9660 12.4296
0.6000 54.0701 12.1426
0.7000 46.9687 12.1353
0.8000 41.4771 12.6853
0.9000 37.5718 13.8535
1.0000 36.3444 14.7573
#PMF from TI in kcal/mol
0.0000 0.0000
0.1000 9.4546
0.2000 18.2603
0.3000 26.3139
0.4000 33.5937
0.5000 40.0900
0.6000 45.8418
0.7000 50.8938
0.8000 55.3161
0.9000 59.2685
1.0000 62.9643
#MBAR free energy difference in kcal/mol: 
63.017832, 0.115516 
#TI free energy difference in kcal/mol: 
62.964303  
