# Analysing data contained in file(s) ['/home/jguven/projects/metalloenzymes/kpc2/outputs/SOMD/lig_1~lig_2/unbound/lambda_0.0000/simfile.dat', '/home/jguven/projects/metalloenzymes/kpc2/outputs/SOMD/lig_1~lig_2/unbound/lambda_0.1000/simfile.dat', '/home/jguven/projects/metalloenzymes/kpc2/outputs/SOMD/lig_1~lig_2/unbound/lambda_0.2000/simfile.dat', '/home/jguven/projects/metalloenzymes/kpc2/outputs/SOMD/lig_1~lig_2/unbound/lambda_0.3000/simfile.dat', '/home/jguven/projects/metalloenzymes/kpc2/outputs/SOMD/lig_1~lig_2/unbound/lambda_0.4000/simfile.dat', '/home/jguven/projects/metalloenzymes/kpc2/outputs/SOMD/lig_1~lig_2/unbound/lambda_0.5000/simfile.dat', '/home/jguven/projects/metalloenzymes/kpc2/outputs/SOMD/lig_1~lig_2/unbound/lambda_0.6000/simfile.dat', '/home/jguven/projects/metalloenzymes/kpc2/outputs/SOMD/lig_1~lig_2/unbound/lambda_0.7000/simfile.dat', '/home/jguven/projects/metalloenzymes/kpc2/outputs/SOMD/lig_1~lig_2/unbound/lambda_0.8000/simfile.dat', '/home/jguven/projects/metalloenzymes/kpc2/outputs/SOMD/lig_1~lig_2/unbound/lambda_0.9000/simfile.dat', '/home/jguven/projects/metalloenzymes/kpc2/outputs/SOMD/lig_1~lig_2/unbound/lambda_1.0000/simfile.dat']
#Overlap matrix
0.3229 0.2427 0.1722 0.1155 0.0703 0.0376 0.0206 0.0111 0.0048 0.0018 0.0005
0.2427 0.2165 0.1824 0.1437 0.0991 0.0565 0.0320 0.0172 0.0072 0.0023 0.0005
0.1722 0.1824 0.1817 0.1684 0.1331 0.0805 0.0454 0.0237 0.0095 0.0027 0.0004
0.1155 0.1437 0.1684 0.1844 0.1716 0.1117 0.0609 0.0296 0.0111 0.0028 0.0003
0.0703 0.0991 0.1331 0.1716 0.2038 0.1690 0.0936 0.0417 0.0144 0.0031 0.0003
0.0376 0.0565 0.0805 0.1117 0.1690 0.2414 0.1868 0.0843 0.0268 0.0050 0.0004
0.0206 0.0320 0.0454 0.0609 0.0936 0.1868 0.2839 0.1972 0.0678 0.0113 0.0007
0.0111 0.0172 0.0237 0.0296 0.0417 0.0843 0.1972 0.3371 0.2145 0.0411 0.0023
0.0048 0.0072 0.0095 0.0111 0.0144 0.0268 0.0678 0.2145 0.4276 0.2013 0.0150
0.0018 0.0023 0.0027 0.0028 0.0031 0.0050 0.0113 0.0411 0.2013 0.5611 0.1676
0.0005 0.0005 0.0004 0.0003 0.0003 0.0004 0.0007 0.0023 0.0150 0.1676 0.8120
#DG from neighbouring lambda in kcal/mol
0.0000 0.1000 -1.7517 0.0055
0.1000 0.2000 -1.8883 0.0046
0.2000 0.3000 -2.0506 0.0044
0.3000 0.4000 -2.1164 0.0054
0.4000 0.5000 -2.0541 0.0086
0.5000 0.6000 -2.0290 0.0105
0.6000 0.7000 -1.8993 0.0136
0.7000 0.8000 -1.6050 0.0180
0.8000 0.9000 -0.9507 0.0265
0.9000 1.0000 0.2125 0.0382
#PMF from MBAR in kcal/mol
0.0000 0.0000 0.0000
0.1000 -1.7517 0.0055
0.2000 -3.6400 0.0098
0.3000 -5.6905 0.0133
0.4000 -7.8070 0.0166
0.5000 -9.8611 0.0204
0.6000 -11.8901 0.0243
0.7000 -13.7894 0.0293
0.8000 -15.3944 0.0367
0.9000 -16.3452 0.0485
1.0000 -16.1326 0.0659
#TI average gradients and standard deviation in kcal/mol
0.0000 -22.7679 3.9747
0.1000 -18.3058 2.5944
0.2000 -19.5792 2.8401
0.3000 -21.0428 2.7138
0.4000 -21.0151 4.3932
0.5000 -20.5326 6.4855
0.6000 -20.1620 7.2418
0.7000 -17.7879 9.0546
0.8000 -13.5597 9.9613
0.9000 -4.8960 13.2456
1.0000 10.3701 16.8304
#PMF from TI in kcal/mol
0.0000 0.0000
0.1000 -2.0537
0.2000 -3.9479
0.3000 -5.9790
0.4000 -8.0819
0.5000 -10.1593
0.6000 -12.1941
0.7000 -14.0915
0.8000 -15.6589
0.9000 -16.5817
1.0000 -16.3080
#MBAR free energy difference in kcal/mol: 
-16.132649, 0.065866 
#TI free energy difference in kcal/mol: 
-16.308012  
