# Analysing data contained in file(s) ['/home/jguven/projects/metalloenzymes/kpc2/outputs/SOMD/lig_12~lig_14/bound/lambda_0.0000/simfile.dat', '/home/jguven/projects/metalloenzymes/kpc2/outputs/SOMD/lig_12~lig_14/bound/lambda_0.1000/simfile.dat', '/home/jguven/projects/metalloenzymes/kpc2/outputs/SOMD/lig_12~lig_14/bound/lambda_0.2000/simfile.dat', '/home/jguven/projects/metalloenzymes/kpc2/outputs/SOMD/lig_12~lig_14/bound/lambda_0.3000/simfile.dat', '/home/jguven/projects/metalloenzymes/kpc2/outputs/SOMD/lig_12~lig_14/bound/lambda_0.4000/simfile.dat', '/home/jguven/projects/metalloenzymes/kpc2/outputs/SOMD/lig_12~lig_14/bound/lambda_0.5000/simfile.dat', '/home/jguven/projects/metalloenzymes/kpc2/outputs/SOMD/lig_12~lig_14/bound/lambda_0.6000/simfile.dat', '/home/jguven/projects/metalloenzymes/kpc2/outputs/SOMD/lig_12~lig_14/bound/lambda_0.7000/simfile.dat', '/home/jguven/projects/metalloenzymes/kpc2/outputs/SOMD/lig_12~lig_14/bound/lambda_0.8000/simfile.dat', '/home/jguven/projects/metalloenzymes/kpc2/outputs/SOMD/lig_12~lig_14/bound/lambda_0.9000/simfile.dat', '/home/jguven/projects/metalloenzymes/kpc2/outputs/SOMD/lig_12~lig_14/bound/lambda_1.0000/simfile.dat']
#Overlap matrix
0.7938 0.1977 0.0085 0.0001 0.0000 0.0000 0.0000 0.0000 0.0000 0.0000 0.0000
0.1977 0.5833 0.2063 0.0126 0.0002 0.0000 0.0000 0.0000 0.0000 0.0000 0.0000
0.0085 0.2063 0.5594 0.2095 0.0160 0.0004 0.0000 0.0000 0.0000 0.0000 0.0000
0.0001 0.0126 0.2095 0.5230 0.2303 0.0240 0.0005 0.0000 0.0000 0.0000 0.0000
0.0000 0.0002 0.0160 0.2303 0.4963 0.2346 0.0223 0.0003 0.0000 0.0000 0.0000
0.0000 0.0000 0.0004 0.0240 0.2346 0.4993 0.2258 0.0158 0.0002 0.0000 0.0000
0.0000 0.0000 0.0000 0.0005 0.0223 0.2258 0.5289 0.2100 0.0124 0.0001 0.0000
0.0000 0.0000 0.0000 0.0000 0.0003 0.0158 0.2100 0.5611 0.2063 0.0064 0.0000
0.0000 0.0000 0.0000 0.0000 0.0000 0.0002 0.0124 0.2063 0.6267 0.1533 0.0010
0.0000 0.0000 0.0000 0.0000 0.0000 0.0000 0.0001 0.0064 0.1533 0.7551 0.0851
0.0000 0.0000 0.0000 0.0000 0.0000 0.0000 0.0000 0.0000 0.0010 0.0851 0.9139
#DG from neighbouring lambda in kcal/mol
0.0000 0.1000 -5.7796 0.0335
0.1000 0.2000 -8.8988 0.0308
0.2000 0.3000 -12.1765 0.0295
0.3000 0.4000 -15.5131 0.0261
0.4000 0.5000 -18.7065 0.0251
0.5000 0.6000 -21.9502 0.0267
0.6000 0.7000 -25.2751 0.0295
0.7000 0.8000 -28.2126 0.0310
0.8000 0.9000 -30.3989 0.0407
0.9000 1.0000 -31.7910 0.0614
#PMF from MBAR in kcal/mol
0.0000 0.0000 0.0000
0.1000 -5.7796 0.0335
0.2000 -14.6783 0.0520
0.3000 -26.8548 0.0647
0.4000 -42.3679 0.0739
0.5000 -61.0744 0.0814
0.6000 -83.0246 0.0888
0.7000 -108.2997 0.0967
0.8000 -136.5123 0.1045
0.9000 -166.9113 0.1150
1.0000 -198.7022 0.1332
#TI average gradients and standard deviation in kcal/mol
0.0000 -45.7433 12.9585
0.1000 -74.2978 12.6909
0.2000 -105.2487 12.0458
0.3000 -137.4589 11.1577
0.4000 -172.9046 10.3031
0.5000 -203.0793 10.7064
0.6000 -236.0365 11.0053
0.7000 -268.1183 12.2755
0.8000 -294.1172 12.3601
0.9000 -312.2353 17.1688
1.0000 -323.9692 23.3239
#PMF from TI in kcal/mol
0.0000 0.0000
0.1000 -6.0021
0.2000 -14.9794
0.3000 -27.1148
0.4000 -42.6329
0.5000 -61.4321
0.6000 -83.3879
0.7000 -108.5957
0.8000 -136.7074
0.9000 -167.0251
1.0000 -198.8353
#MBAR free energy difference in kcal/mol: 
-198.702238, 0.133150 
#TI free energy difference in kcal/mol: 
-198.835291  
