# Analysing data contained in file(s) ['/home/jguven/projects/metalloenzymes/starmap/outputs/no_min/SOMD_1/lig_1~lig_2/bound/lambda_0.0000/simfile.dat', '/home/jguven/projects/metalloenzymes/starmap/outputs/no_min/SOMD_1/lig_1~lig_2/bound/lambda_0.1000/simfile.dat', '/home/jguven/projects/metalloenzymes/starmap/outputs/no_min/SOMD_1/lig_1~lig_2/bound/lambda_0.2000/simfile.dat', '/home/jguven/projects/metalloenzymes/starmap/outputs/no_min/SOMD_1/lig_1~lig_2/bound/lambda_0.3000/simfile.dat', '/home/jguven/projects/metalloenzymes/starmap/outputs/no_min/SOMD_1/lig_1~lig_2/bound/lambda_0.4000/simfile.dat', '/home/jguven/projects/metalloenzymes/starmap/outputs/no_min/SOMD_1/lig_1~lig_2/bound/lambda_0.5000/simfile.dat', '/home/jguven/projects/metalloenzymes/starmap/outputs/no_min/SOMD_1/lig_1~lig_2/bound/lambda_0.6000/simfile.dat', '/home/jguven/projects/metalloenzymes/starmap/outputs/no_min/SOMD_1/lig_1~lig_2/bound/lambda_0.7000/simfile.dat', '/home/jguven/projects/metalloenzymes/starmap/outputs/no_min/SOMD_1/lig_1~lig_2/bound/lambda_0.8000/simfile.dat', '/home/jguven/projects/metalloenzymes/starmap/outputs/no_min/SOMD_1/lig_1~lig_2/bound/lambda_0.9000/simfile.dat', '/home/jguven/projects/metalloenzymes/starmap/outputs/no_min/SOMD_1/lig_1~lig_2/bound/lambda_1.0000/simfile.dat']
#Overlap matrix
0.8792 0.1176 0.0032 0.0001 0.0000 0.0000 0.0000 0.0000 0.0000 0.0000 0.0000
0.1176 0.6858 0.1776 0.0175 0.0015 0.0001 0.0000 0.0000 0.0000 0.0000 0.0000
0.0032 0.1776 0.5376 0.2345 0.0436 0.0034 0.0001 0.0000 0.0000 0.0000 0.0000
0.0001 0.0175 0.2345 0.4562 0.2427 0.0457 0.0032 0.0001 0.0000 0.0000 0.0000
0.0000 0.0015 0.0436 0.2427 0.4244 0.2370 0.0474 0.0033 0.0001 0.0000 0.0000
0.0000 0.0001 0.0034 0.0457 0.2370 0.4164 0.2462 0.0485 0.0026 0.0000 0.0000
0.0000 0.0000 0.0001 0.0032 0.0474 0.2462 0.4201 0.2415 0.0394 0.0020 0.0000
0.0000 0.0000 0.0000 0.0001 0.0033 0.0485 0.2415 0.4298 0.2353 0.0398 0.0017
0.0000 0.0000 0.0000 0.0000 0.0001 0.0026 0.0394 0.2353 0.4481 0.2429 0.0316
0.0000 0.0000 0.0000 0.0000 0.0000 0.0000 0.0020 0.0398 0.2429 0.4748 0.2403
0.0000 0.0000 0.0000 0.0000 0.0000 0.0000 0.0000 0.0017 0.0316 0.2403 0.7263
#DG from neighbouring lambda in kcal/mol
0.0000 0.1000 41.1118 0.0483
0.1000 0.2000 38.1117 0.0336
0.2000 0.3000 34.8527 0.0230
0.3000 0.4000 31.3127 0.0200
0.4000 0.5000 27.3461 0.0201
0.5000 0.6000 23.1470 0.0192
0.6000 0.7000 18.8906 0.0202
0.7000 0.8000 14.5487 0.0214
0.8000 0.9000 10.3126 0.0215
0.9000 1.0000 6.2039 0.0251
#PMF from MBAR in kcal/mol
0.0000 0.0000 0.0000
0.1000 41.1118 0.0483
0.2000 79.2234 0.0640
0.3000 114.0761 0.0716
0.4000 145.3889 0.0770
0.5000 172.7350 0.0821
0.6000 195.8820 0.0868
0.7000 214.7726 0.0914
0.8000 229.3213 0.0963
0.9000 239.6339 0.1008
1.0000 245.8378 0.1062
#TI average gradients and standard deviation in kcal/mol
0.0000 427.8568 19.4473
0.1000 395.9191 15.6902
0.2000 363.3388 11.8637
0.3000 333.5481 10.2828
0.4000 294.3014 9.8590
0.5000 252.1271 9.6233
0.6000 210.3876 8.9030
0.7000 167.4778 8.9275
0.8000 123.6988 9.8735
0.9000 82.3008 10.4285
1.0000 43.3715 11.0017
#PMF from TI in kcal/mol
0.0000 0.0000
0.1000 41.1888
0.2000 79.1517
0.3000 113.9960
0.4000 145.3885
0.5000 172.7099
0.6000 195.8357
0.7000 214.7289
0.8000 229.2878
0.9000 239.5878
1.0000 245.8714
#MBAR free energy difference in kcal/mol: 
245.837771, 0.106174 
#TI free energy difference in kcal/mol: 
245.871369  
