# Analysing data contained in file(s) ['/home/jguven/projects/metalloenzymes/kpc2/outputs/SOMD/lig_6~lig_7/unbound/lambda_0.0000/simfile.dat', '/home/jguven/projects/metalloenzymes/kpc2/outputs/SOMD/lig_6~lig_7/unbound/lambda_0.1000/simfile.dat', '/home/jguven/projects/metalloenzymes/kpc2/outputs/SOMD/lig_6~lig_7/unbound/lambda_0.2000/simfile.dat', '/home/jguven/projects/metalloenzymes/kpc2/outputs/SOMD/lig_6~lig_7/unbound/lambda_0.3000/simfile.dat', '/home/jguven/projects/metalloenzymes/kpc2/outputs/SOMD/lig_6~lig_7/unbound/lambda_0.4000/simfile.dat', '/home/jguven/projects/metalloenzymes/kpc2/outputs/SOMD/lig_6~lig_7/unbound/lambda_0.5000/simfile.dat', '/home/jguven/projects/metalloenzymes/kpc2/outputs/SOMD/lig_6~lig_7/unbound/lambda_0.6000/simfile.dat', '/home/jguven/projects/metalloenzymes/kpc2/outputs/SOMD/lig_6~lig_7/unbound/lambda_0.7000/simfile.dat', '/home/jguven/projects/metalloenzymes/kpc2/outputs/SOMD/lig_6~lig_7/unbound/lambda_0.8000/simfile.dat', '/home/jguven/projects/metalloenzymes/kpc2/outputs/SOMD/lig_6~lig_7/unbound/lambda_0.9000/simfile.dat', '/home/jguven/projects/metalloenzymes/kpc2/outputs/SOMD/lig_6~lig_7/unbound/lambda_1.0000/simfile.dat']
#Overlap matrix
0.8319 0.1641 0.0039 0.0000 0.0000 0.0000 0.0000 0.0000 0.0000 0.0000 0.0000
0.1641 0.6462 0.1824 0.0073 0.0000 0.0000 0.0000 0.0000 0.0000 0.0000 0.0000
0.0039 0.1824 0.6021 0.2039 0.0077 0.0000 0.0000 0.0000 0.0000 0.0000 0.0000
0.0000 0.0073 0.2039 0.5853 0.1944 0.0090 0.0001 0.0000 0.0000 0.0000 0.0000
0.0000 0.0000 0.0077 0.1944 0.5768 0.2109 0.0101 0.0001 0.0000 0.0000 0.0000
0.0000 0.0000 0.0000 0.0090 0.2109 0.5667 0.2044 0.0088 0.0001 0.0000 0.0000
0.0000 0.0000 0.0000 0.0001 0.0101 0.2044 0.5756 0.2010 0.0088 0.0000 0.0000
0.0000 0.0000 0.0000 0.0000 0.0001 0.0088 0.2010 0.5825 0.2009 0.0068 0.0000
0.0000 0.0000 0.0000 0.0000 0.0000 0.0001 0.0088 0.2009 0.6044 0.1824 0.0035
0.0000 0.0000 0.0000 0.0000 0.0000 0.0000 0.0000 0.0068 0.1824 0.6551 0.1557
0.0000 0.0000 0.0000 0.0000 0.0000 0.0000 0.0000 0.0000 0.0035 0.1557 0.8408
#DG from neighbouring lambda in kcal/mol
0.0000 0.1000 -0.6219 0.0348
0.1000 0.2000 -0.2150 0.0312
0.2000 0.3000 0.0382 0.0281
0.3000 0.4000 0.0055 0.0290
0.4000 0.5000 -0.0813 0.0269
0.5000 0.6000 -0.1366 0.0276
0.6000 0.7000 -0.2374 0.0281
0.7000 0.8000 -0.1454 0.0284
0.8000 0.9000 0.0707 0.0313
0.9000 1.0000 0.4758 0.0362
#PMF from MBAR in kcal/mol
0.0000 0.0000 0.0000
0.1000 -0.6219 0.0348
0.2000 -0.8369 0.0521
0.3000 -0.7987 0.0633
0.4000 -0.7932 0.0732
0.5000 -0.8745 0.0812
0.6000 -1.0111 0.0886
0.7000 -1.2485 0.0956
0.8000 -1.3940 0.1022
0.9000 -1.3232 0.1092
1.0000 -0.8475 0.1174
#TI average gradients and standard deviation in kcal/mol
0.0000 -11.2054 15.2631
0.1000 -3.9025 14.4467
0.2000 -0.5455 13.3935
0.3000 0.3540 12.7994
0.4000 0.1457 12.6186
0.5000 -0.6713 12.4882
0.6000 -1.8450 12.4049
0.7000 -1.7395 12.9572
0.8000 -0.8209 13.2043
0.9000 2.3558 14.6245
1.0000 9.9968 15.8440
#PMF from TI in kcal/mol
0.0000 0.0000
0.1000 -0.7554
0.2000 -0.9778
0.3000 -0.9874
0.4000 -0.9624
0.5000 -0.9887
0.6000 -1.1145
0.7000 -1.2937
0.8000 -1.4217
0.9000 -1.3450
1.0000 -0.7273
#MBAR free energy difference in kcal/mol: 
-0.847489, 0.117416 
#TI free energy difference in kcal/mol: 
-0.727334  
