# Analysing data contained in file(s) ['/home/jguven/projects/metalloenzymes/kpc2/outputs/SOMD/lig_6~lig_7/unbound/lambda_0.0000/simfile.dat', '/home/jguven/projects/metalloenzymes/kpc2/outputs/SOMD/lig_6~lig_7/unbound/lambda_0.1000/simfile.dat', '/home/jguven/projects/metalloenzymes/kpc2/outputs/SOMD/lig_6~lig_7/unbound/lambda_0.2000/simfile.dat', '/home/jguven/projects/metalloenzymes/kpc2/outputs/SOMD/lig_6~lig_7/unbound/lambda_0.3000/simfile.dat', '/home/jguven/projects/metalloenzymes/kpc2/outputs/SOMD/lig_6~lig_7/unbound/lambda_0.4000/simfile.dat', '/home/jguven/projects/metalloenzymes/kpc2/outputs/SOMD/lig_6~lig_7/unbound/lambda_0.5000/simfile.dat', '/home/jguven/projects/metalloenzymes/kpc2/outputs/SOMD/lig_6~lig_7/unbound/lambda_0.6000/simfile.dat', '/home/jguven/projects/metalloenzymes/kpc2/outputs/SOMD/lig_6~lig_7/unbound/lambda_0.7000/simfile.dat', '/home/jguven/projects/metalloenzymes/kpc2/outputs/SOMD/lig_6~lig_7/unbound/lambda_0.8000/simfile.dat', '/home/jguven/projects/metalloenzymes/kpc2/outputs/SOMD/lig_6~lig_7/unbound/lambda_0.9000/simfile.dat', '/home/jguven/projects/metalloenzymes/kpc2/outputs/SOMD/lig_6~lig_7/unbound/lambda_1.0000/simfile.dat']
#Overlap matrix
0.3102 0.2333 0.1629 0.1100 0.0727 0.0469 0.0293 0.0175 0.0098 0.0051 0.0023
0.2333 0.2062 0.1654 0.1264 0.0934 0.0667 0.0457 0.0298 0.0181 0.0101 0.0049
0.1629 0.1654 0.1556 0.1365 0.1134 0.0897 0.0675 0.0480 0.0317 0.0191 0.0101
0.1100 0.1264 0.1365 0.1353 0.1250 0.1087 0.0893 0.0690 0.0494 0.0321 0.0183
0.0727 0.0934 0.1134 0.1250 0.1269 0.1206 0.1078 0.0903 0.0700 0.0493 0.0305
0.0469 0.0667 0.0897 0.1087 0.1206 0.1247 0.1210 0.1100 0.0926 0.0710 0.0481
0.0293 0.0457 0.0675 0.0893 0.1078 0.1210 0.1275 0.1259 0.1157 0.0973 0.0729
0.0175 0.0298 0.0480 0.0690 0.0903 0.1100 0.1259 0.1358 0.1373 0.1283 0.1081
0.0098 0.0181 0.0317 0.0494 0.0700 0.0926 0.1157 0.1373 0.1545 0.1629 0.1577
0.0051 0.0101 0.0191 0.0321 0.0493 0.0710 0.0973 0.1283 0.1629 0.1980 0.2268
0.0023 0.0049 0.0101 0.0183 0.0305 0.0481 0.0729 0.1081 0.1577 0.2268 0.3202
#DG from neighbouring lambda in kcal/mol
0.0000 0.1000 2.4685 0.0050
0.1000 0.2000 2.3063 0.0044
0.2000 0.3000 2.1098 0.0036
0.3000 0.4000 1.9342 0.0031
0.4000 0.5000 1.7803 0.0029
0.5000 0.6000 1.6399 0.0028
0.6000 0.7000 1.5056 0.0029
0.7000 0.8000 1.3707 0.0033
0.8000 0.9000 1.2285 0.0041
0.9000 1.0000 1.0723 0.0057
#PMF from MBAR in kcal/mol
0.0000 0.0000 0.0000
0.1000 2.4685 0.0050
0.2000 4.7748 0.0089
0.3000 6.8846 0.0119
0.4000 8.8188 0.0142
0.5000 10.5991 0.0161
0.6000 12.2390 0.0177
0.7000 13.7446 0.0193
0.8000 15.1153 0.0208
0.9000 16.3438 0.0226
1.0000 17.4161 0.0251
#TI average gradients and standard deviation in kcal/mol
0.0000 25.1579 2.9153
0.1000 24.0267 2.8049
0.2000 22.0524 2.8025
0.3000 20.2259 2.5449
0.4000 18.5581 2.4401
0.5000 17.0746 2.3186
0.6000 15.6882 2.2651
0.7000 14.4051 2.3928
0.8000 12.9946 2.5858
0.9000 11.5335 2.7510
1.0000 10.3103 3.0477
#PMF from TI in kcal/mol
0.0000 0.0000
0.1000 2.4592
0.2000 4.7632
0.3000 6.8771
0.4000 8.8163
0.5000 10.5979
0.6000 12.2361
0.7000 13.7407
0.8000 15.1107
0.9000 16.3371
1.0000 17.4293
#MBAR free energy difference in kcal/mol: 
17.416121, 0.025134 
#TI free energy difference in kcal/mol: 
17.429325  
