# Analysing data contained in file(s) ['/home/jguven/projects/metalloenzymes/starmap/outputs/with_min/SOMD_2/lig_1~lig_14/bound/lambda_0.0000/simfile.dat', '/home/jguven/projects/metalloenzymes/starmap/outputs/with_min/SOMD_2/lig_1~lig_14/bound/lambda_0.1000/simfile.dat', '/home/jguven/projects/metalloenzymes/starmap/outputs/with_min/SOMD_2/lig_1~lig_14/bound/lambda_0.2000/simfile.dat', '/home/jguven/projects/metalloenzymes/starmap/outputs/with_min/SOMD_2/lig_1~lig_14/bound/lambda_0.3000/simfile.dat', '/home/jguven/projects/metalloenzymes/starmap/outputs/with_min/SOMD_2/lig_1~lig_14/bound/lambda_0.4000/simfile.dat', '/home/jguven/projects/metalloenzymes/starmap/outputs/with_min/SOMD_2/lig_1~lig_14/bound/lambda_0.5000/simfile.dat', '/home/jguven/projects/metalloenzymes/starmap/outputs/with_min/SOMD_2/lig_1~lig_14/bound/lambda_0.6000/simfile.dat', '/home/jguven/projects/metalloenzymes/starmap/outputs/with_min/SOMD_2/lig_1~lig_14/bound/lambda_0.7000/simfile.dat', '/home/jguven/projects/metalloenzymes/starmap/outputs/with_min/SOMD_2/lig_1~lig_14/bound/lambda_0.8000/simfile.dat', '/home/jguven/projects/metalloenzymes/starmap/outputs/with_min/SOMD_2/lig_1~lig_14/bound/lambda_0.9000/simfile.dat', '/home/jguven/projects/metalloenzymes/starmap/outputs/with_min/SOMD_2/lig_1~lig_14/bound/lambda_1.0000/simfile.dat']
#Overlap matrix
0.7819 0.2081 0.0100 0.0001 0.0000 0.0000 0.0000 0.0000 0.0000 0.0000 0.0000
0.2081 0.5707 0.2074 0.0136 0.0002 0.0000 0.0000 0.0000 0.0000 0.0000 0.0000
0.0100 0.2074 0.5372 0.2285 0.0167 0.0002 0.0000 0.0000 0.0000 0.0000 0.0000
0.0001 0.0136 0.2285 0.5241 0.2192 0.0143 0.0002 0.0000 0.0000 0.0000 0.0000
0.0000 0.0002 0.0167 0.2192 0.5326 0.2150 0.0161 0.0002 0.0000 0.0000 0.0000
0.0000 0.0000 0.0002 0.0143 0.2150 0.5260 0.2266 0.0177 0.0002 0.0000 0.0000
0.0000 0.0000 0.0000 0.0002 0.0161 0.2266 0.5279 0.2158 0.0133 0.0001 0.0000
0.0000 0.0000 0.0000 0.0000 0.0002 0.0177 0.2158 0.5455 0.2116 0.0091 0.0000
0.0000 0.0000 0.0000 0.0000 0.0000 0.0002 0.0133 0.2116 0.6082 0.1654 0.0014
0.0000 0.0000 0.0000 0.0000 0.0000 0.0000 0.0001 0.0091 0.1654 0.7292 0.0961
0.0000 0.0000 0.0000 0.0000 0.0000 0.0000 0.0000 0.0000 0.0014 0.0961 0.9025
#DG from neighbouring lambda in kcal/mol
0.0000 0.1000 8.0470 0.0323
0.1000 0.2000 7.3588 0.0308
0.2000 0.3000 6.7820 0.0276
0.3000 0.4000 6.2730 0.0285
0.4000 0.5000 5.5858 0.0291
0.5000 0.6000 4.9353 0.0274
0.6000 0.7000 4.4330 0.0289
0.7000 0.8000 4.1294 0.0304
0.8000 0.9000 4.5637 0.0386
0.9000 1.0000 5.5108 0.0577
#PMF from MBAR in kcal/mol
0.0000 0.0000 0.0000
0.1000 8.0470 0.0323
0.2000 15.4059 0.0513
0.3000 22.1879 0.0634
0.4000 28.4609 0.0737
0.5000 34.0467 0.0831
0.6000 38.9820 0.0909
0.7000 43.4149 0.0984
0.8000 47.5443 0.1060
0.9000 52.1080 0.1156
1.0000 57.6189 0.1320
#TI average gradients and standard deviation in kcal/mol
0.0000 80.3603 12.3502
0.1000 76.1117 12.0591
0.2000 70.5776 12.1057
0.3000 66.6891 11.9117
0.4000 59.0806 11.5684
0.5000 51.5904 11.2639
0.6000 46.9738 11.4302
0.7000 41.6272 11.3591
0.8000 42.0441 13.0814
0.9000 49.8792 16.6991
1.0000 61.7668 19.6266
#PMF from TI in kcal/mol
0.0000 0.0000
0.1000 7.8236
0.2000 15.1581
0.3000 22.0214
0.4000 28.3099
0.5000 33.8434
0.6000 38.7716
0.7000 43.2017
0.8000 47.3853
0.9000 51.9814
1.0000 57.5637
#MBAR free energy difference in kcal/mol: 
57.618874, 0.132001 
#TI free energy difference in kcal/mol: 
57.563723  
