# Analysing data contained in file(s) ['/home/jguven/projects/metalloenzymes/kpc2/outputs/SOMD/lig_12~lig_15/bound/lambda_0.0000/simfile.dat', '/home/jguven/projects/metalloenzymes/kpc2/outputs/SOMD/lig_12~lig_15/bound/lambda_0.1000/simfile.dat', '/home/jguven/projects/metalloenzymes/kpc2/outputs/SOMD/lig_12~lig_15/bound/lambda_0.2000/simfile.dat', '/home/jguven/projects/metalloenzymes/kpc2/outputs/SOMD/lig_12~lig_15/bound/lambda_0.3000/simfile.dat', '/home/jguven/projects/metalloenzymes/kpc2/outputs/SOMD/lig_12~lig_15/bound/lambda_0.4000/simfile.dat', '/home/jguven/projects/metalloenzymes/kpc2/outputs/SOMD/lig_12~lig_15/bound/lambda_0.5000/simfile.dat', '/home/jguven/projects/metalloenzymes/kpc2/outputs/SOMD/lig_12~lig_15/bound/lambda_0.6000/simfile.dat', '/home/jguven/projects/metalloenzymes/kpc2/outputs/SOMD/lig_12~lig_15/bound/lambda_0.7000/simfile.dat', '/home/jguven/projects/metalloenzymes/kpc2/outputs/SOMD/lig_12~lig_15/bound/lambda_0.8000/simfile.dat', '/home/jguven/projects/metalloenzymes/kpc2/outputs/SOMD/lig_12~lig_15/bound/lambda_0.9000/simfile.dat', '/home/jguven/projects/metalloenzymes/kpc2/outputs/SOMD/lig_12~lig_15/bound/lambda_1.0000/simfile.dat']
#Overlap matrix
0.7753 0.2117 0.0128 0.0002 0.0000 0.0000 0.0000 0.0000 0.0000 0.0000 0.0000
0.2117 0.5474 0.2228 0.0179 0.0002 0.0000 0.0000 0.0000 0.0000 0.0000 0.0000
0.0128 0.2228 0.5260 0.2239 0.0143 0.0002 0.0000 0.0000 0.0000 0.0000 0.0000
0.0002 0.0179 0.2239 0.5382 0.2056 0.0141 0.0002 0.0000 0.0000 0.0000 0.0000
0.0000 0.0002 0.0143 0.2056 0.5475 0.2208 0.0115 0.0001 0.0000 0.0000 0.0000
0.0000 0.0000 0.0002 0.0141 0.2208 0.5697 0.1898 0.0055 0.0000 0.0000 0.0000
0.0000 0.0000 0.0000 0.0002 0.0115 0.1898 0.6532 0.1438 0.0015 0.0000 0.0000
0.0000 0.0000 0.0000 0.0000 0.0001 0.0055 0.1438 0.7401 0.1104 0.0002 0.0000
0.0000 0.0000 0.0000 0.0000 0.0000 0.0000 0.0015 0.1104 0.8327 0.0554 0.0000
0.0000 0.0000 0.0000 0.0000 0.0000 0.0000 0.0000 0.0002 0.0554 0.9052 0.0392
0.0000 0.0000 0.0000 0.0000 0.0000 0.0000 0.0000 0.0000 0.0000 0.0392 0.9608
#DG from neighbouring lambda in kcal/mol
0.0000 0.1000 -2.9783 0.0357
0.1000 0.2000 -6.9001 0.0319
0.2000 0.3000 -10.7640 0.0316
0.3000 0.4000 -14.8034 0.0344
0.4000 0.5000 -18.7285 0.0328
0.5000 0.6000 -22.3261 0.0383
0.6000 0.7000 -25.6049 0.0489
0.7000 0.8000 -28.6798 0.0598
0.8000 0.9000 -31.0734 0.0909
0.9000 1.0000 -32.7600 0.1102
#PMF from MBAR in kcal/mol
0.0000 0.0000 0.0000
0.1000 -2.9783 0.0357
0.2000 -9.8785 0.0556
0.3000 -20.6425 0.0696
0.4000 -35.4459 0.0826
0.5000 -54.1744 0.0931
0.6000 -76.5004 0.1046
0.7000 -102.1054 0.1192
0.8000 -130.7852 0.1368
0.9000 -161.8586 0.1673
1.0000 -194.6186 0.2029
#TI average gradients and standard deviation in kcal/mol
0.0000 -17.0290 13.1469
0.1000 -49.4039 12.1847
0.2000 -88.1257 11.4825
0.3000 -126.6122 11.6134
0.4000 -168.8809 11.9998
0.5000 -204.3811 12.8850
0.6000 -238.6436 14.3828
0.7000 -272.1358 16.1311
0.8000 -300.0062 18.5996
0.9000 -322.2237 22.9590
1.0000 -328.2595 27.5490
#PMF from TI in kcal/mol
0.0000 0.0000
0.1000 -3.3216
0.2000 -10.1981
0.3000 -20.9350
0.4000 -35.7097
0.5000 -54.3728
0.6000 -76.5240
0.7000 -102.0630
0.8000 -130.6701
0.9000 -161.7816
1.0000 -194.3057
#MBAR free energy difference in kcal/mol: 
-194.618599, 0.202854 
#TI free energy difference in kcal/mol: 
-194.305733  
