# Analysing data contained in file(s) ['/home/jguven/projects/metalloenzymes/kpc2/outputs/SOMD/lig_4~lig_6/bound/lambda_0.0000/simfile.dat', '/home/jguven/projects/metalloenzymes/kpc2/outputs/SOMD/lig_4~lig_6/bound/lambda_0.1000/simfile.dat', '/home/jguven/projects/metalloenzymes/kpc2/outputs/SOMD/lig_4~lig_6/bound/lambda_0.2000/simfile.dat', '/home/jguven/projects/metalloenzymes/kpc2/outputs/SOMD/lig_4~lig_6/bound/lambda_0.3000/simfile.dat', '/home/jguven/projects/metalloenzymes/kpc2/outputs/SOMD/lig_4~lig_6/bound/lambda_0.4000/simfile.dat', '/home/jguven/projects/metalloenzymes/kpc2/outputs/SOMD/lig_4~lig_6/bound/lambda_0.5000/simfile.dat', '/home/jguven/projects/metalloenzymes/kpc2/outputs/SOMD/lig_4~lig_6/bound/lambda_0.6000/simfile.dat', '/home/jguven/projects/metalloenzymes/kpc2/outputs/SOMD/lig_4~lig_6/bound/lambda_0.7000/simfile.dat', '/home/jguven/projects/metalloenzymes/kpc2/outputs/SOMD/lig_4~lig_6/bound/lambda_0.8000/simfile.dat', '/home/jguven/projects/metalloenzymes/kpc2/outputs/SOMD/lig_4~lig_6/bound/lambda_0.9000/simfile.dat', '/home/jguven/projects/metalloenzymes/kpc2/outputs/SOMD/lig_4~lig_6/bound/lambda_1.0000/simfile.dat']
#Overlap matrix
0.6416 0.2907 0.0627 0.0048 0.0001 0.0000 0.0000 0.0000 0.0000 0.0000 0.0000
0.2907 0.4114 0.2430 0.0510 0.0038 0.0001 0.0000 0.0000 0.0000 0.0000 0.0000
0.0627 0.2430 0.3995 0.2413 0.0500 0.0033 0.0001 0.0000 0.0000 0.0000 0.0000
0.0048 0.0510 0.2413 0.4115 0.2417 0.0467 0.0030 0.0001 0.0000 0.0000 0.0000
0.0001 0.0038 0.0500 0.2417 0.4153 0.2410 0.0458 0.0022 0.0000 0.0000 0.0000
0.0000 0.0001 0.0033 0.0467 0.2410 0.4273 0.2429 0.0371 0.0016 0.0000 0.0000
0.0000 0.0000 0.0001 0.0030 0.0458 0.2429 0.4396 0.2349 0.0323 0.0014 0.0000
0.0000 0.0000 0.0000 0.0001 0.0022 0.0371 0.2349 0.4662 0.2324 0.0266 0.0004
0.0000 0.0000 0.0000 0.0000 0.0000 0.0016 0.0323 0.2324 0.5133 0.2146 0.0058
0.0000 0.0000 0.0000 0.0000 0.0000 0.0000 0.0014 0.0266 0.2146 0.6476 0.1097
0.0000 0.0000 0.0000 0.0000 0.0000 0.0000 0.0000 0.0004 0.0058 0.1097 0.8840
#DG from neighbouring lambda in kcal/mol
0.0000 0.1000 -0.8226 0.0193
0.1000 0.2000 -0.9055 0.0195
0.2000 0.3000 -1.0938 0.0202
0.3000 0.4000 -1.2836 0.0206
0.4000 0.5000 -1.5052 0.0210
0.5000 0.6000 -1.7159 0.0217
0.6000 0.7000 -1.9245 0.0235
0.7000 0.8000 -1.7486 0.0248
0.8000 0.9000 -0.5168 0.0293
0.9000 1.0000 2.2549 0.0525
#PMF from MBAR in kcal/mol
0.0000 0.0000 0.0000
0.1000 -0.8226 0.0193
0.2000 -1.7281 0.0336
0.3000 -2.8219 0.0448
0.4000 -4.1055 0.0537
0.5000 -5.6107 0.0617
0.6000 -7.3266 0.0689
0.7000 -9.2510 0.0763
0.8000 -10.9996 0.0834
0.9000 -11.5164 0.0913
1.0000 -9.2615 0.1084
#TI average gradients and standard deviation in kcal/mol
0.0000 -10.2812 7.7582
0.1000 -8.7877 8.5183
0.2000 -8.4402 8.3826
0.3000 -10.5057 8.8200
0.4000 -12.9791 8.6591
0.5000 -17.4631 9.6771
0.6000 -18.5316 9.7147
0.7000 -18.8838 9.7446
0.8000 -14.6287 11.4642
0.9000 7.4155 15.2101
1.0000 39.7259 19.5842
#PMF from TI in kcal/mol
0.0000 0.0000
0.1000 -0.9534
0.2000 -1.8148
0.3000 -2.7621
0.4000 -3.9364
0.5000 -5.4585
0.6000 -7.2582
0.7000 -9.1290
0.8000 -10.8046
0.9000 -11.1653
1.0000 -8.8082
#MBAR free energy difference in kcal/mol: 
-9.261534, 0.108417 
#TI free energy difference in kcal/mol: 
-8.808200  
