# Analysing data contained in file(s) ['/home/jguven/projects/metalloenzymes/starmap/outputs/with_min/SOMD_1/lig_1~lig_4/bound/lambda_0.0000/simfile.dat', '/home/jguven/projects/metalloenzymes/starmap/outputs/with_min/SOMD_1/lig_1~lig_4/bound/lambda_0.1000/simfile.dat', '/home/jguven/projects/metalloenzymes/starmap/outputs/with_min/SOMD_1/lig_1~lig_4/bound/lambda_0.2000/simfile.dat', '/home/jguven/projects/metalloenzymes/starmap/outputs/with_min/SOMD_1/lig_1~lig_4/bound/lambda_0.3000/simfile.dat', '/home/jguven/projects/metalloenzymes/starmap/outputs/with_min/SOMD_1/lig_1~lig_4/bound/lambda_0.4000/simfile.dat', '/home/jguven/projects/metalloenzymes/starmap/outputs/with_min/SOMD_1/lig_1~lig_4/bound/lambda_0.5000/simfile.dat', '/home/jguven/projects/metalloenzymes/starmap/outputs/with_min/SOMD_1/lig_1~lig_4/bound/lambda_0.6000/simfile.dat', '/home/jguven/projects/metalloenzymes/starmap/outputs/with_min/SOMD_1/lig_1~lig_4/bound/lambda_0.7000/simfile.dat', '/home/jguven/projects/metalloenzymes/starmap/outputs/with_min/SOMD_1/lig_1~lig_4/bound/lambda_0.8000/simfile.dat', '/home/jguven/projects/metalloenzymes/starmap/outputs/with_min/SOMD_1/lig_1~lig_4/bound/lambda_0.9000/simfile.dat', '/home/jguven/projects/metalloenzymes/starmap/outputs/with_min/SOMD_1/lig_1~lig_4/bound/lambda_1.0000/simfile.dat']
#Overlap matrix
0.6883 0.1818 0.0921 0.0304 0.0064 0.0009 0.0001 0.0000 0.0000 0.0000 0.0000
0.3637 0.3737 0.1626 0.0712 0.0230 0.0050 0.0007 0.0001 0.0000 0.0000 0.0000
0.1843 0.1626 0.2809 0.2166 0.1090 0.0369 0.0084 0.0012 0.0001 0.0000 0.0000
0.0607 0.0712 0.2166 0.2733 0.2158 0.1134 0.0395 0.0084 0.0009 0.0001 0.0000
0.0128 0.0230 0.1090 0.2158 0.2657 0.2155 0.1149 0.0369 0.0059 0.0004 0.0000
0.0018 0.0050 0.0369 0.1134 0.2155 0.2688 0.2214 0.1097 0.0252 0.0021 0.0000
0.0002 0.0007 0.0084 0.0395 0.1149 0.2214 0.2899 0.2341 0.0817 0.0088 0.0002
0.0000 0.0001 0.0012 0.0084 0.0369 0.1097 0.2341 0.3432 0.2279 0.0377 0.0008
0.0000 0.0000 0.0001 0.0009 0.0059 0.0252 0.0817 0.2279 0.4441 0.2072 0.0070
0.0000 0.0000 0.0000 0.0001 0.0004 0.0021 0.0088 0.0377 0.2072 0.6248 0.1190
0.0000 0.0000 0.0000 0.0000 0.0000 0.0000 0.0002 0.0008 0.0070 0.1190 0.8731
#DG from neighbouring lambda in kcal/mol
0.0000 0.1000 3.4755 0.0070
0.1000 0.2000 3.7057 0.0079
0.2000 0.3000 3.1789 0.0056
0.3000 0.4000 2.8525 0.0052
0.4000 0.5000 2.5252 0.0050
0.5000 0.6000 2.2204 0.0052
0.6000 0.7000 2.0626 0.0060
0.7000 0.8000 2.2719 0.0088
0.8000 0.9000 3.0990 0.0133
0.9000 1.0000 5.1057 0.0235
#PMF from MBAR in kcal/mol
0.0000 0.0000 0.0000
0.1000 3.4755 0.0070
0.2000 7.1812 0.0103
0.3000 10.3601 0.0140
0.4000 13.2126 0.0167
0.5000 15.7377 0.0189
0.6000 17.9581 0.0209
0.7000 20.0208 0.0230
0.8000 22.2926 0.0260
0.9000 25.3917 0.0309
1.0000 30.4974 0.0406
#TI average gradients and standard deviation in kcal/mol
0.0000 22.8511 17.5146
0.1000 17.7794 18.2994
0.2000 17.2106 17.6871
0.3000 15.2614 15.7825
0.4000 13.0975 13.6788
0.5000 11.9321 12.6020
0.6000 10.5305 11.3020
0.7000 10.4830 11.6219
0.8000 12.5992 14.6350
0.9000 19.8375 22.4268
1.0000 32.0869 34.9940
#PMF from TI in kcal/mol
0.0000 0.0000
0.1000 2.0315
0.2000 3.7810
0.3000 5.4046
0.4000 6.8226
0.5000 8.0741
0.6000 9.1972
0.7000 10.2479
0.8000 11.4020
0.9000 13.0238
1.0000 15.6200
#MBAR free energy difference in kcal/mol: 
30.497370, 0.040594  #WARNING SUBSAMPLING DISABLED, CONSIDER RERUN WITH SUBSAMPLING OPTION
#TI free energy difference in kcal/mol: 
15.620022  #WARNING SUBSAMPLING DISABLED, CONSIDER RERUN WITH SUBSAMPLING OPTION 
