# Analysing data contained in file(s) ['/home/jguven/projects/metalloenzymes/kpc2/outputs/SOMD/lig_13~lig_3/unbound/lambda_0.0000/simfile.dat', '/home/jguven/projects/metalloenzymes/kpc2/outputs/SOMD/lig_13~lig_3/unbound/lambda_0.0625/simfile.dat', '/home/jguven/projects/metalloenzymes/kpc2/outputs/SOMD/lig_13~lig_3/unbound/lambda_0.1250/simfile.dat', '/home/jguven/projects/metalloenzymes/kpc2/outputs/SOMD/lig_13~lig_3/unbound/lambda_0.1875/simfile.dat', '/home/jguven/projects/metalloenzymes/kpc2/outputs/SOMD/lig_13~lig_3/unbound/lambda_0.2500/simfile.dat', '/home/jguven/projects/metalloenzymes/kpc2/outputs/SOMD/lig_13~lig_3/unbound/lambda_0.3125/simfile.dat', '/home/jguven/projects/metalloenzymes/kpc2/outputs/SOMD/lig_13~lig_3/unbound/lambda_0.3750/simfile.dat', '/home/jguven/projects/metalloenzymes/kpc2/outputs/SOMD/lig_13~lig_3/unbound/lambda_0.4375/simfile.dat', '/home/jguven/projects/metalloenzymes/kpc2/outputs/SOMD/lig_13~lig_3/unbound/lambda_0.5000/simfile.dat', '/home/jguven/projects/metalloenzymes/kpc2/outputs/SOMD/lig_13~lig_3/unbound/lambda_0.5625/simfile.dat', '/home/jguven/projects/metalloenzymes/kpc2/outputs/SOMD/lig_13~lig_3/unbound/lambda_0.6250/simfile.dat', '/home/jguven/projects/metalloenzymes/kpc2/outputs/SOMD/lig_13~lig_3/unbound/lambda_0.6875/simfile.dat', '/home/jguven/projects/metalloenzymes/kpc2/outputs/SOMD/lig_13~lig_3/unbound/lambda_0.7500/simfile.dat', '/home/jguven/projects/metalloenzymes/kpc2/outputs/SOMD/lig_13~lig_3/unbound/lambda_0.8125/simfile.dat', '/home/jguven/projects/metalloenzymes/kpc2/outputs/SOMD/lig_13~lig_3/unbound/lambda_0.8750/simfile.dat', '/home/jguven/projects/metalloenzymes/kpc2/outputs/SOMD/lig_13~lig_3/unbound/lambda_0.9375/simfile.dat', '/home/jguven/projects/metalloenzymes/kpc2/outputs/SOMD/lig_13~lig_3/unbound/lambda_1.0000/simfile.dat']
#Overlap matrix
0.7068 0.2616 0.0307 0.0009 0.0000 0.0000 0.0000 0.0000 0.0000 0.0000 0.0000 0.0000 0.0000 0.0000 0.0000 0.0000 0.0000
0.2616 0.4786 0.2318 0.0273 0.0007 0.0000 0.0000 0.0000 0.0000 0.0000 0.0000 0.0000 0.0000 0.0000 0.0000 0.0000 0.0000
0.0307 0.2318 0.4798 0.2334 0.0239 0.0005 0.0000 0.0000 0.0000 0.0000 0.0000 0.0000 0.0000 0.0000 0.0000 0.0000 0.0000
0.0009 0.0273 0.2334 0.4880 0.2287 0.0213 0.0004 0.0000 0.0000 0.0000 0.0000 0.0000 0.0000 0.0000 0.0000 0.0000 0.0000
0.0000 0.0007 0.0239 0.2287 0.5027 0.2249 0.0189 0.0003 0.0000 0.0000 0.0000 0.0000 0.0000 0.0000 0.0000 0.0000 0.0000
0.0000 0.0000 0.0005 0.0213 0.2249 0.5159 0.2210 0.0163 0.0002 0.0000 0.0000 0.0000 0.0000 0.0000 0.0000 0.0000 0.0000
0.0000 0.0000 0.0000 0.0004 0.0189 0.2210 0.5270 0.2192 0.0133 0.0001 0.0000 0.0000 0.0000 0.0000 0.0000 0.0000 0.0000
0.0000 0.0000 0.0000 0.0000 0.0003 0.0163 0.2192 0.5427 0.2091 0.0122 0.0001 0.0000 0.0000 0.0000 0.0000 0.0000 0.0000
0.0000 0.0000 0.0000 0.0000 0.0000 0.0002 0.0133 0.2091 0.5579 0.2098 0.0095 0.0001 0.0000 0.0000 0.0000 0.0000 0.0000
0.0000 0.0000 0.0000 0.0000 0.0000 0.0000 0.0001 0.0122 0.2098 0.5701 0.1999 0.0077 0.0000 0.0000 0.0000 0.0000 0.0000
0.0000 0.0000 0.0000 0.0000 0.0000 0.0000 0.0000 0.0001 0.0095 0.1999 0.5995 0.1860 0.0049 0.0000 0.0000 0.0000 0.0000
0.0000 0.0000 0.0000 0.0000 0.0000 0.0000 0.0000 0.0000 0.0001 0.0077 0.1860 0.6190 0.1822 0.0050 0.0000 0.0000 0.0000
0.0000 0.0000 0.0000 0.0000 0.0000 0.0000 0.0000 0.0000 0.0000 0.0000 0.0049 0.1822 0.6335 0.1759 0.0035 0.0000 0.0000
0.0000 0.0000 0.0000 0.0000 0.0000 0.0000 0.0000 0.0000 0.0000 0.0000 0.0000 0.0050 0.1759 0.6440 0.1725 0.0025 0.0000
0.0000 0.0000 0.0000 0.0000 0.0000 0.0000 0.0000 0.0000 0.0000 0.0000 0.0000 0.0000 0.0035 0.1725 0.6709 0.1519 0.0012
0.0000 0.0000 0.0000 0.0000 0.0000 0.0000 0.0000 0.0000 0.0000 0.0000 0.0000 0.0000 0.0000 0.0025 0.1519 0.7100 0.1355
0.0000 0.0000 0.0000 0.0000 0.0000 0.0000 0.0000 0.0000 0.0000 0.0000 0.0000 0.0000 0.0000 0.0000 0.0012 0.1355 0.8633
#DG from neighbouring lambda in kcal/mol
0.0000 0.0625 -0.8422 0.0235
0.0625 0.1250 -0.9155 0.0240
0.1250 0.1875 -1.0078 0.0243
0.1875 0.2500 -1.1099 0.0253
0.2500 0.3125 -1.1932 0.0262
0.3125 0.3750 -1.2590 0.0271
0.3750 0.4375 -1.3094 0.0279
0.4375 0.5000 -1.3559 0.0295
0.5000 0.5625 -1.3095 0.0298
0.5625 0.6250 -1.2445 0.0316
0.6250 0.6875 -1.1439 0.0340
0.6875 0.7500 -1.1640 0.0350
0.7500 0.8125 -0.9537 0.0361
0.8125 0.8750 -0.6531 0.0370
0.8750 0.9375 -0.1418 0.0410
0.9375 1.0000 0.3880 0.0450
#PMF from MBAR in kcal/mol
0.0000 0.0000 0.0000
0.0625 -0.8422 0.0235
0.1250 -1.7577 0.0400
0.1875 -2.7655 0.0520
0.2500 -3.8755 0.0623
0.3125 -5.0687 0.0714
0.3750 -6.3277 0.0799
0.4375 -7.6371 0.0880
0.5000 -8.9930 0.0959
0.5625 -10.3025 0.1033
0.6250 -11.5471 0.1109
0.6875 -12.6909 0.1187
0.7500 -13.8549 0.1264
0.8125 -14.8086 0.1339
0.8750 -15.4617 0.1414
0.9375 -15.6034 0.1495
1.0000 -15.2155 0.1584
#TI average gradients and standard deviation in kcal/mol
0.0000 -16.2369 15.4694
0.0625 -14.1518 15.9108
0.1250 -15.4504 16.1837
0.1875 -16.5441 16.7728
0.2500 -18.3855 16.9222
0.3125 -19.6043 17.5471
0.3750 -20.7502 17.8335
0.4375 -21.2587 18.6832
0.5000 -21.2602 19.3547
0.5625 -19.5860 19.8426
0.6250 -19.4185 20.7604
0.6875 -17.9427 21.2808
0.7500 -16.5364 21.8804
0.8125 -14.2287 22.6714
0.8750 -7.0851 23.8386
0.9375 1.3498 25.3135
1.0000 11.7597 27.0571
#PMF from TI in kcal/mol
0.0000 0.0000
0.0625 -0.9496
0.1250 -1.8747
0.1875 -2.8745
0.2500 -3.9661
0.3125 -5.1533
0.3750 -6.4144
0.4375 -7.7271
0.5000 -9.0559
0.5625 -10.3323
0.6250 -11.5512
0.6875 -12.7187
0.7500 -13.7962
0.8125 -14.7576
0.8750 -15.4237
0.9375 -15.6029
1.0000 -15.1932
#MBAR free energy difference in kcal/mol: 
-15.215452, 0.158429 
#TI free energy difference in kcal/mol: 
-15.193211  
