# Analysing data contained in file(s) ['/home/jguven/projects/metalloenzymes/kpc2/outputs/SOMD/lig_16~lig_9/bound/lambda_0.0000/simfile.dat', '/home/jguven/projects/metalloenzymes/kpc2/outputs/SOMD/lig_16~lig_9/bound/lambda_0.1000/simfile.dat', '/home/jguven/projects/metalloenzymes/kpc2/outputs/SOMD/lig_16~lig_9/bound/lambda_0.2000/simfile.dat', '/home/jguven/projects/metalloenzymes/kpc2/outputs/SOMD/lig_16~lig_9/bound/lambda_0.3000/simfile.dat', '/home/jguven/projects/metalloenzymes/kpc2/outputs/SOMD/lig_16~lig_9/bound/lambda_0.4000/simfile.dat', '/home/jguven/projects/metalloenzymes/kpc2/outputs/SOMD/lig_16~lig_9/bound/lambda_0.5000/simfile.dat', '/home/jguven/projects/metalloenzymes/kpc2/outputs/SOMD/lig_16~lig_9/bound/lambda_0.6000/simfile.dat', '/home/jguven/projects/metalloenzymes/kpc2/outputs/SOMD/lig_16~lig_9/bound/lambda_0.7000/simfile.dat', '/home/jguven/projects/metalloenzymes/kpc2/outputs/SOMD/lig_16~lig_9/bound/lambda_0.8000/simfile.dat', '/home/jguven/projects/metalloenzymes/kpc2/outputs/SOMD/lig_16~lig_9/bound/lambda_0.9000/simfile.dat', '/home/jguven/projects/metalloenzymes/kpc2/outputs/SOMD/lig_16~lig_9/bound/lambda_1.0000/simfile.dat']
#Overlap matrix
0.7642 0.2223 0.0133 0.0002 0.0000 0.0000 0.0000 0.0000 0.0000 0.0000 0.0000
0.2223 0.5483 0.2144 0.0148 0.0003 0.0000 0.0000 0.0000 0.0000 0.0000 0.0000
0.0133 0.2144 0.5281 0.2244 0.0194 0.0004 0.0000 0.0000 0.0000 0.0000 0.0000
0.0002 0.0148 0.2244 0.5205 0.2181 0.0216 0.0005 0.0000 0.0000 0.0000 0.0000
0.0000 0.0003 0.0194 0.2181 0.5038 0.2354 0.0225 0.0005 0.0000 0.0000 0.0000
0.0000 0.0000 0.0004 0.0216 0.2354 0.4980 0.2240 0.0202 0.0004 0.0000 0.0000
0.0000 0.0000 0.0000 0.0005 0.0225 0.2240 0.5147 0.2224 0.0156 0.0002 0.0000
0.0000 0.0000 0.0000 0.0000 0.0005 0.0202 0.2224 0.5389 0.2081 0.0098 0.0000
0.0000 0.0000 0.0000 0.0000 0.0000 0.0004 0.0156 0.2081 0.5896 0.1829 0.0034
0.0000 0.0000 0.0000 0.0000 0.0000 0.0000 0.0002 0.0098 0.1829 0.6654 0.1417
0.0000 0.0000 0.0000 0.0000 0.0000 0.0000 0.0000 0.0000 0.0034 0.1417 0.8549
#DG from neighbouring lambda in kcal/mol
0.0000 0.1000 3.3123 0.0316
0.1000 0.2000 3.2510 0.0308
0.2000 0.3000 3.1387 0.0289
0.3000 0.4000 3.1224 0.0289
0.4000 0.5000 3.1507 0.0267
0.5000 0.6000 3.2837 0.0281
0.6000 0.7000 3.4611 0.0290
0.7000 0.8000 3.8040 0.0319
0.8000 0.9000 4.3973 0.0371
0.9000 1.0000 5.4744 0.0465
#PMF from MBAR in kcal/mol
0.0000 0.0000 0.0000
0.1000 3.3123 0.0316
0.2000 6.5633 0.0512
0.3000 9.7020 0.0643
0.4000 12.8244 0.0748
0.5000 15.9751 0.0833
0.6000 19.2587 0.0913
0.7000 22.7198 0.0990
0.8000 26.5238 0.1072
0.9000 30.9211 0.1164
1.0000 36.3955 0.1285
#TI average gradients and standard deviation in kcal/mol
0.0000 30.7574 12.2054
0.1000 31.9886 12.0502
0.2000 32.1802 11.9442
0.3000 32.5288 11.3967
0.4000 30.7471 11.3345
0.5000 32.7471 11.3255
0.6000 33.0344 11.0305
0.7000 36.2464 11.4681
0.8000 40.7637 12.6307
0.9000 49.6146 14.9749
1.0000 62.0705 17.6938
#PMF from TI in kcal/mol
0.0000 0.0000
0.1000 3.1373
0.2000 6.3457
0.3000 9.5812
0.4000 12.7450
0.5000 15.9197
0.6000 19.2088
0.7000 22.6728
0.8000 26.5233
0.9000 31.0422
1.0000 36.6265
#MBAR free energy difference in kcal/mol: 
36.395460, 0.128454 
#TI free energy difference in kcal/mol: 
36.626494  
