# Analysing data contained in file(s) ['/home/jguven/projects/metalloenzymes/kpc2/outputs/SOMD/lig_1~lig_2/bound/lambda_0.0000/simfile.dat', '/home/jguven/projects/metalloenzymes/kpc2/outputs/SOMD/lig_1~lig_2/bound/lambda_0.1000/simfile.dat', '/home/jguven/projects/metalloenzymes/kpc2/outputs/SOMD/lig_1~lig_2/bound/lambda_0.2000/simfile.dat', '/home/jguven/projects/metalloenzymes/kpc2/outputs/SOMD/lig_1~lig_2/bound/lambda_0.3000/simfile.dat', '/home/jguven/projects/metalloenzymes/kpc2/outputs/SOMD/lig_1~lig_2/bound/lambda_0.4000/simfile.dat', '/home/jguven/projects/metalloenzymes/kpc2/outputs/SOMD/lig_1~lig_2/bound/lambda_0.5000/simfile.dat', '/home/jguven/projects/metalloenzymes/kpc2/outputs/SOMD/lig_1~lig_2/bound/lambda_0.6000/simfile.dat', '/home/jguven/projects/metalloenzymes/kpc2/outputs/SOMD/lig_1~lig_2/bound/lambda_0.7000/simfile.dat', '/home/jguven/projects/metalloenzymes/kpc2/outputs/SOMD/lig_1~lig_2/bound/lambda_0.8000/simfile.dat', '/home/jguven/projects/metalloenzymes/kpc2/outputs/SOMD/lig_1~lig_2/bound/lambda_0.9000/simfile.dat', '/home/jguven/projects/metalloenzymes/kpc2/outputs/SOMD/lig_1~lig_2/bound/lambda_1.0000/simfile.dat']
#Overlap matrix
0.3445 0.2533 0.1748 0.1121 0.0648 0.0308 0.0126 0.0049 0.0015 0.0005 0.0002
0.2533 0.2279 0.1904 0.1461 0.0977 0.0505 0.0221 0.0087 0.0024 0.0006 0.0002
0.1748 0.1904 0.1916 0.1765 0.1377 0.0766 0.0348 0.0136 0.0032 0.0006 0.0001
0.1121 0.1461 0.1765 0.1967 0.1826 0.1109 0.0512 0.0192 0.0040 0.0006 0.0001
0.0648 0.0977 0.1377 0.1826 0.2177 0.1745 0.0875 0.0312 0.0056 0.0007 0.0000
0.0308 0.0505 0.0766 0.1109 0.1745 0.2663 0.2022 0.0750 0.0121 0.0011 0.0000
0.0126 0.0221 0.0348 0.0512 0.0875 0.2022 0.3362 0.2121 0.0386 0.0027 0.0000
0.0049 0.0087 0.0136 0.0192 0.0312 0.0750 0.2121 0.4249 0.1950 0.0151 0.0001
0.0015 0.0024 0.0032 0.0040 0.0056 0.0121 0.0386 0.1950 0.5752 0.1608 0.0015
0.0005 0.0006 0.0006 0.0006 0.0007 0.0011 0.0027 0.0151 0.1608 0.7484 0.0689
0.0002 0.0002 0.0001 0.0001 0.0000 0.0000 0.0000 0.0001 0.0015 0.0689 0.9288
#DG from neighbouring lambda in kcal/mol
0.0000 0.1000 -1.7621 0.0056
0.1000 0.2000 -1.9308 0.0047
0.2000 0.3000 -2.1484 0.0045
0.3000 0.4000 -2.2762 0.0054
0.4000 0.5000 -2.2977 0.0093
0.5000 0.6000 -2.3669 0.0117
0.6000 0.7000 -2.1756 0.0163
0.7000 0.8000 -1.6172 0.0251
0.8000 0.9000 -0.3527 0.0357
0.9000 1.0000 1.1930 0.0666
#PMF from MBAR in kcal/mol
0.0000 0.0000 0.0000
0.1000 -1.7621 0.0056
0.2000 -3.6929 0.0099
0.3000 -5.8413 0.0135
0.4000 -8.1176 0.0168
0.5000 -10.4152 0.0211
0.6000 -12.7822 0.0263
0.7000 -14.9578 0.0330
0.8000 -16.5750 0.0445
0.9000 -16.9277 0.0604
1.0000 -15.7348 0.0931
#TI average gradients and standard deviation in kcal/mol
0.0000 -22.4181 3.7547
0.1000 -18.1490 3.1139
0.2000 -20.6620 4.5432
0.3000 -21.3283 2.7660
0.4000 -22.1717 3.9930
0.5000 -24.4890 6.2788
0.6000 -24.2361 6.7116
0.7000 -15.3571 14.4238
0.8000 -11.5569 12.2722
0.9000 9.6376 23.0123
1.0000 13.3757 20.3281
#PMF from TI in kcal/mol
0.0000 0.0000
0.1000 -2.0284
0.2000 -3.9689
0.3000 -6.0684
0.4000 -8.2434
0.5000 -10.5764
0.6000 -13.0127
0.7000 -14.9924
0.8000 -16.3381
0.9000 -16.4340
1.0000 -15.2834
#MBAR free energy difference in kcal/mol: 
-15.734775, 0.093088 
#TI free energy difference in kcal/mol: 
-15.283378  #WARNING SUBSAMPLING GRADIENTS RESULTED IN LESS THAN 50 SAMPLES, CONSIDER RERUN WITHOUT SUBSAMPLE OPTION 
