# Analysing data contained in file(s) ['/home/jguven/projects/metalloenzymes/kpc2/outputs/SOMD/lig_1~lig_2/bound/lambda_0.0000/simfile.dat', '/home/jguven/projects/metalloenzymes/kpc2/outputs/SOMD/lig_1~lig_2/bound/lambda_0.1000/simfile.dat', '/home/jguven/projects/metalloenzymes/kpc2/outputs/SOMD/lig_1~lig_2/bound/lambda_0.2000/simfile.dat', '/home/jguven/projects/metalloenzymes/kpc2/outputs/SOMD/lig_1~lig_2/bound/lambda_0.3000/simfile.dat', '/home/jguven/projects/metalloenzymes/kpc2/outputs/SOMD/lig_1~lig_2/bound/lambda_0.4000/simfile.dat', '/home/jguven/projects/metalloenzymes/kpc2/outputs/SOMD/lig_1~lig_2/bound/lambda_0.5000/simfile.dat', '/home/jguven/projects/metalloenzymes/kpc2/outputs/SOMD/lig_1~lig_2/bound/lambda_0.6000/simfile.dat', '/home/jguven/projects/metalloenzymes/kpc2/outputs/SOMD/lig_1~lig_2/bound/lambda_0.7000/simfile.dat', '/home/jguven/projects/metalloenzymes/kpc2/outputs/SOMD/lig_1~lig_2/bound/lambda_0.8000/simfile.dat', '/home/jguven/projects/metalloenzymes/kpc2/outputs/SOMD/lig_1~lig_2/bound/lambda_0.9000/simfile.dat', '/home/jguven/projects/metalloenzymes/kpc2/outputs/SOMD/lig_1~lig_2/bound/lambda_1.0000/simfile.dat']
#Overlap matrix
0.7666 0.2206 0.0127 0.0001 0.0000 0.0000 0.0000 0.0000 0.0000 0.0000 0.0000
0.2206 0.5847 0.1885 0.0060 0.0002 0.0000 0.0000 0.0000 0.0000 0.0000 0.0000
0.0127 0.1885 0.6184 0.1696 0.0104 0.0004 0.0000 0.0000 0.0000 0.0000 0.0000
0.0001 0.0060 0.1696 0.6314 0.1856 0.0066 0.0005 0.0001 0.0000 0.0000 0.0000
0.0000 0.0002 0.0104 0.1856 0.6751 0.1183 0.0093 0.0011 0.0000 0.0000 0.0000
0.0000 0.0000 0.0004 0.0066 0.1183 0.7073 0.1605 0.0068 0.0001 0.0000 0.0000
0.0000 0.0000 0.0000 0.0005 0.0093 0.1605 0.7361 0.0928 0.0007 0.0000 0.0000
0.0000 0.0000 0.0000 0.0001 0.0011 0.0068 0.0928 0.8202 0.0779 0.0010 0.0000
0.0000 0.0000 0.0000 0.0000 0.0000 0.0001 0.0007 0.0779 0.8045 0.1144 0.0024
0.0000 0.0000 0.0000 0.0000 0.0000 0.0000 0.0000 0.0010 0.1144 0.7798 0.1048
0.0000 0.0000 0.0000 0.0000 0.0000 0.0000 0.0000 0.0000 0.0024 0.1048 0.8928
#DG from neighbouring lambda in kcal/mol
0.0000 0.1000 8.4524 0.0347
0.1000 0.2000 7.4067 0.0386
0.2000 0.3000 5.5699 0.0421
0.3000 0.4000 4.7636 0.0392
0.4000 0.5000 4.4271 0.0531
0.5000 0.6000 4.3445 0.0437
0.6000 0.7000 5.2124 0.0642
0.7000 0.8000 4.4975 0.0743
0.8000 0.9000 3.2868 0.0583
0.9000 1.0000 2.9690 0.0620
#PMF from MBAR in kcal/mol
0.0000 0.0000 0.0000
0.1000 8.4524 0.0347
0.2000 15.8591 0.0589
0.3000 21.4290 0.0782
0.4000 26.1926 0.0917
0.5000 30.6196 0.1095
0.6000 34.9642 0.1203
0.7000 40.1766 0.1382
0.8000 44.6740 0.1599
0.9000 47.9608 0.1729
1.0000 50.9298 0.1859
#TI average gradients and standard deviation in kcal/mol
0.0000 81.7546 12.6810
0.1000 81.0549 13.8777
0.2000 63.9244 13.8467
0.3000 49.3849 13.2156
0.4000 48.1038 16.2005
0.5000 42.6311 18.9212
0.6000 49.3638 17.3384
0.7000 50.5999 20.7919
0.8000 39.5887 19.5148
0.9000 29.3360 16.3703
1.0000 26.5367 17.3586
#PMF from TI in kcal/mol
0.0000 0.0000
0.1000 8.1405
0.2000 15.3894
0.3000 21.0549
0.4000 25.9293
0.5000 30.4661
0.6000 35.0658
0.7000 40.0640
0.8000 44.5734
0.9000 48.0197
1.0000 50.8133
#MBAR free energy difference in kcal/mol: 
50.929831, 0.185938 
#TI free energy difference in kcal/mol: 
50.813310  
