# Analysing data contained in file(s) ['/home/jguven/projects/metalloenzymes/starmap/outputs/with_min/SOMD_1/lig_1~lig_12/unbound/lambda_0.0000/simfile.dat', '/home/jguven/projects/metalloenzymes/starmap/outputs/with_min/SOMD_1/lig_1~lig_12/unbound/lambda_0.1000/simfile.dat', '/home/jguven/projects/metalloenzymes/starmap/outputs/with_min/SOMD_1/lig_1~lig_12/unbound/lambda_0.2000/simfile.dat', '/home/jguven/projects/metalloenzymes/starmap/outputs/with_min/SOMD_1/lig_1~lig_12/unbound/lambda_0.3000/simfile.dat', '/home/jguven/projects/metalloenzymes/starmap/outputs/with_min/SOMD_1/lig_1~lig_12/unbound/lambda_0.4000/simfile.dat', '/home/jguven/projects/metalloenzymes/starmap/outputs/with_min/SOMD_1/lig_1~lig_12/unbound/lambda_0.5000/simfile.dat', '/home/jguven/projects/metalloenzymes/starmap/outputs/with_min/SOMD_1/lig_1~lig_12/unbound/lambda_0.6000/simfile.dat', '/home/jguven/projects/metalloenzymes/starmap/outputs/with_min/SOMD_1/lig_1~lig_12/unbound/lambda_0.7000/simfile.dat', '/home/jguven/projects/metalloenzymes/starmap/outputs/with_min/SOMD_1/lig_1~lig_12/unbound/lambda_0.8000/simfile.dat', '/home/jguven/projects/metalloenzymes/starmap/outputs/with_min/SOMD_1/lig_1~lig_12/unbound/lambda_0.9000/simfile.dat', '/home/jguven/projects/metalloenzymes/starmap/outputs/with_min/SOMD_1/lig_1~lig_12/unbound/lambda_1.0000/simfile.dat']
#Overlap matrix
0.5705 0.2973 0.1054 0.0235 0.0031 0.0003 0.0000 0.0000 0.0000 0.0000 0.0000
0.2973 0.3406 0.2378 0.0976 0.0231 0.0033 0.0003 0.0000 0.0000 0.0000 0.0000
0.1054 0.2378 0.3071 0.2278 0.0955 0.0227 0.0034 0.0003 0.0000 0.0000 0.0000
0.0235 0.0976 0.2278 0.3056 0.2301 0.0918 0.0207 0.0027 0.0002 0.0000 0.0000
0.0031 0.0231 0.0955 0.2301 0.3225 0.2310 0.0789 0.0143 0.0014 0.0001 0.0000
0.0003 0.0033 0.0227 0.0918 0.2310 0.3530 0.2295 0.0600 0.0080 0.0005 0.0000
0.0000 0.0003 0.0034 0.0207 0.0789 0.2295 0.3971 0.2220 0.0446 0.0035 0.0001
0.0000 0.0000 0.0003 0.0027 0.0143 0.0600 0.2220 0.4483 0.2227 0.0287 0.0010
0.0000 0.0000 0.0000 0.0002 0.0014 0.0080 0.0446 0.2227 0.5015 0.2094 0.0121
0.0000 0.0000 0.0000 0.0000 0.0001 0.0005 0.0035 0.0287 0.2094 0.5928 0.1650
0.0000 0.0000 0.0000 0.0000 0.0000 0.0000 0.0001 0.0010 0.0121 0.1650 0.8218
#DG from neighbouring lambda in kcal/mol
0.0000 0.1000 2.6089 0.0143
0.1000 0.2000 2.4739 0.0127
0.2000 0.3000 2.3289 0.0126
0.3000 0.4000 2.2113 0.0128
0.4000 0.5000 2.2184 0.0140
0.5000 0.6000 2.3159 0.0163
0.6000 0.7000 2.4456 0.0198
0.7000 0.8000 2.6525 0.0227
0.8000 0.9000 3.1807 0.0274
0.9000 1.0000 4.2693 0.0370
#PMF from MBAR in kcal/mol
0.0000 0.0000 0.0000
0.1000 2.6089 0.0143
0.2000 5.0828 0.0243
0.3000 7.4117 0.0319
0.4000 9.6229 0.0381
0.5000 11.8413 0.0438
0.6000 14.1572 0.0496
0.7000 16.6028 0.0562
0.8000 19.2552 0.0636
0.9000 22.4360 0.0723
1.0000 26.7053 0.0845
#TI average gradients and standard deviation in kcal/mol
0.0000 22.7803 6.7410
0.1000 25.4864 6.6742
0.2000 23.7966 6.5320
0.3000 22.4667 6.5963
0.4000 21.9161 6.6392
0.5000 22.8685 8.0299
0.6000 23.7579 9.0777
0.7000 25.0190 9.9848
0.8000 28.7471 11.2730
0.9000 36.4278 13.1028
1.0000 49.5584 16.5277
#PMF from TI in kcal/mol
0.0000 0.0000
0.1000 2.4133
0.2000 4.8775
0.3000 7.1907
0.4000 9.4098
0.5000 11.6490
0.6000 13.9803
0.7000 16.4192
0.8000 19.1075
0.9000 22.3662
1.0000 26.6656
#MBAR free energy difference in kcal/mol: 
26.705320, 0.084528 
#TI free energy difference in kcal/mol: 
26.665552  
