# Analysing data contained in file(s) ['/home/jguven/projects/metalloenzymes/kpc2/outputs/SOMD/lig_15~lig_5/bound/lambda_0.0000/simfile.dat', '/home/jguven/projects/metalloenzymes/kpc2/outputs/SOMD/lig_15~lig_5/bound/lambda_0.1000/simfile.dat', '/home/jguven/projects/metalloenzymes/kpc2/outputs/SOMD/lig_15~lig_5/bound/lambda_0.2000/simfile.dat', '/home/jguven/projects/metalloenzymes/kpc2/outputs/SOMD/lig_15~lig_5/bound/lambda_0.3000/simfile.dat', '/home/jguven/projects/metalloenzymes/kpc2/outputs/SOMD/lig_15~lig_5/bound/lambda_0.4000/simfile.dat', '/home/jguven/projects/metalloenzymes/kpc2/outputs/SOMD/lig_15~lig_5/bound/lambda_0.5000/simfile.dat', '/home/jguven/projects/metalloenzymes/kpc2/outputs/SOMD/lig_15~lig_5/bound/lambda_0.6000/simfile.dat', '/home/jguven/projects/metalloenzymes/kpc2/outputs/SOMD/lig_15~lig_5/bound/lambda_0.7000/simfile.dat', '/home/jguven/projects/metalloenzymes/kpc2/outputs/SOMD/lig_15~lig_5/bound/lambda_0.8000/simfile.dat', '/home/jguven/projects/metalloenzymes/kpc2/outputs/SOMD/lig_15~lig_5/bound/lambda_0.9000/simfile.dat', '/home/jguven/projects/metalloenzymes/kpc2/outputs/SOMD/lig_15~lig_5/bound/lambda_1.0000/simfile.dat']
#Overlap matrix
0.8524 0.1439 0.0036 0.0000 0.0000 0.0000 0.0000 0.0000 0.0000 0.0000 0.0000
0.1439 0.6722 0.1748 0.0089 0.0002 0.0000 0.0000 0.0000 0.0000 0.0000 0.0000
0.0036 0.1748 0.5938 0.2095 0.0179 0.0005 0.0000 0.0000 0.0000 0.0000 0.0000
0.0000 0.0089 0.2095 0.5298 0.2293 0.0219 0.0006 0.0000 0.0000 0.0000 0.0000
0.0000 0.0002 0.0179 0.2293 0.5022 0.2264 0.0235 0.0006 0.0000 0.0000 0.0000
0.0000 0.0000 0.0005 0.0219 0.2264 0.4959 0.2316 0.0234 0.0004 0.0000 0.0000
0.0000 0.0000 0.0000 0.0006 0.0235 0.2316 0.5044 0.2224 0.0174 0.0002 0.0000
0.0000 0.0000 0.0000 0.0000 0.0006 0.0234 0.2224 0.5221 0.2161 0.0153 0.0002
0.0000 0.0000 0.0000 0.0000 0.0000 0.0004 0.0174 0.2161 0.5340 0.2185 0.0137
0.0000 0.0000 0.0000 0.0000 0.0000 0.0000 0.0002 0.0153 0.2185 0.5402 0.2258
0.0000 0.0000 0.0000 0.0000 0.0000 0.0000 0.0000 0.0002 0.0137 0.2258 0.7603
#DG from neighbouring lambda in kcal/mol
0.0000 0.1000 -5.9015 0.0471
0.1000 0.2000 -4.7154 0.0394
0.2000 0.3000 -4.0603 0.0323
0.3000 0.4000 -3.6354 0.0285
0.4000 0.5000 -3.4293 0.0282
0.5000 0.6000 -3.3327 0.0275
0.6000 0.7000 -3.2644 0.0292
0.7000 0.8000 -3.3645 0.0308
0.8000 0.9000 -3.4549 0.0310
0.9000 1.0000 -3.4578 0.0319
#PMF from MBAR in kcal/mol
0.0000 0.0000 0.0000
0.1000 -5.9015 0.0471
0.2000 -10.6169 0.0677
0.3000 -14.6772 0.0798
0.4000 -18.3126 0.0886
0.5000 -21.7418 0.0964
0.6000 -25.0745 0.1034
0.7000 -28.3389 0.1104
0.8000 -31.7034 0.1175
0.9000 -35.1582 0.1244
1.0000 -38.6161 0.1312
#TI average gradients and standard deviation in kcal/mol
0.0000 -66.1187 18.3013
0.1000 -52.8312 14.8367
0.2000 -42.3973 12.5498
0.3000 -37.8883 11.6855
0.4000 -35.5249 10.9727
0.5000 -34.0203 10.8017
0.6000 -32.8878 11.2627
0.7000 -33.0870 11.4605
0.8000 -33.7342 11.5989
0.9000 -35.1441 12.4531
1.0000 -31.1544 11.8090
#PMF from TI in kcal/mol
0.0000 0.0000
0.1000 -5.9475
0.2000 -10.7089
0.3000 -14.7232
0.4000 -18.3939
0.5000 -21.8711
0.6000 -25.2165
0.7000 -28.5153
0.8000 -31.8563
0.9000 -35.3003
1.0000 -38.6152
#MBAR free energy difference in kcal/mol: 
-38.616053, 0.131206 
#TI free energy difference in kcal/mol: 
-38.615183  
