# Analysing data contained in file(s) ['/home/jguven/projects/metalloenzymes/kpc2/outputs/SOMD/lig_15~lig_5/bound/lambda_0.0000/simfile.dat', '/home/jguven/projects/metalloenzymes/kpc2/outputs/SOMD/lig_15~lig_5/bound/lambda_0.1000/simfile.dat', '/home/jguven/projects/metalloenzymes/kpc2/outputs/SOMD/lig_15~lig_5/bound/lambda_0.2000/simfile.dat', '/home/jguven/projects/metalloenzymes/kpc2/outputs/SOMD/lig_15~lig_5/bound/lambda_0.3000/simfile.dat', '/home/jguven/projects/metalloenzymes/kpc2/outputs/SOMD/lig_15~lig_5/bound/lambda_0.4000/simfile.dat', '/home/jguven/projects/metalloenzymes/kpc2/outputs/SOMD/lig_15~lig_5/bound/lambda_0.5000/simfile.dat', '/home/jguven/projects/metalloenzymes/kpc2/outputs/SOMD/lig_15~lig_5/bound/lambda_0.6000/simfile.dat', '/home/jguven/projects/metalloenzymes/kpc2/outputs/SOMD/lig_15~lig_5/bound/lambda_0.7000/simfile.dat', '/home/jguven/projects/metalloenzymes/kpc2/outputs/SOMD/lig_15~lig_5/bound/lambda_0.8000/simfile.dat', '/home/jguven/projects/metalloenzymes/kpc2/outputs/SOMD/lig_15~lig_5/bound/lambda_0.9000/simfile.dat', '/home/jguven/projects/metalloenzymes/kpc2/outputs/SOMD/lig_15~lig_5/bound/lambda_1.0000/simfile.dat']
#Overlap matrix
0.3255 0.2393 0.1610 0.1048 0.0675 0.0430 0.0267 0.0160 0.0091 0.0048 0.0023
0.2393 0.2095 0.1655 0.1243 0.0908 0.0644 0.0442 0.0289 0.0178 0.0101 0.0052
0.1610 0.1655 0.1563 0.1368 0.1133 0.0895 0.0673 0.0480 0.0320 0.0196 0.0108
0.1048 0.1243 0.1368 0.1364 0.1260 0.1095 0.0899 0.0695 0.0501 0.0331 0.0196
0.0675 0.0908 0.1133 0.1260 0.1281 0.1214 0.1083 0.0907 0.0708 0.0507 0.0325
0.0430 0.0644 0.0895 0.1095 0.1214 0.1251 0.1210 0.1099 0.0931 0.0724 0.0507
0.0267 0.0442 0.0673 0.0899 0.1083 0.1210 0.1270 0.1254 0.1157 0.0985 0.0759
0.0160 0.0289 0.0480 0.0695 0.0907 0.1099 0.1254 0.1351 0.1369 0.1288 0.1108
0.0091 0.0178 0.0320 0.0501 0.0708 0.0931 0.1157 0.1369 0.1536 0.1621 0.1589
0.0048 0.0101 0.0196 0.0331 0.0507 0.0724 0.0985 0.1288 0.1621 0.1956 0.2241
0.0023 0.0052 0.0108 0.0196 0.0325 0.0507 0.0759 0.1108 0.1589 0.2241 0.3093
#DG from neighbouring lambda in kcal/mol
0.0000 0.1000 2.9349 0.0052
0.1000 0.2000 2.7627 0.0046
0.2000 0.3000 2.5511 0.0036
0.3000 0.4000 2.3740 0.0030
0.4000 0.5000 2.2199 0.0028
0.5000 0.6000 2.0838 0.0027
0.6000 0.7000 1.9549 0.0028
0.7000 0.8000 1.8278 0.0031
0.8000 0.9000 1.6965 0.0038
0.9000 1.0000 1.5585 0.0052
#PMF from MBAR in kcal/mol
0.0000 0.0000 0.0000
0.1000 2.9349 0.0052
0.2000 5.6976 0.0094
0.3000 8.2487 0.0124
0.4000 10.6227 0.0146
0.5000 12.8425 0.0164
0.6000 14.9263 0.0179
0.7000 16.8812 0.0193
0.8000 18.7090 0.0207
0.9000 20.4055 0.0223
1.0000 21.9640 0.0245
#TI average gradients and standard deviation in kcal/mol
0.0000 31.1700 3.1558
0.1000 28.6070 2.9470
0.2000 26.6086 2.8060
0.3000 24.7716 2.4348
0.4000 22.7466 2.4036
0.5000 21.3721 2.3156
0.6000 20.5249 2.3251
0.7000 18.6587 2.4376
0.8000 18.2889 2.4690
0.9000 16.0764 2.6969
1.0000 15.3284 2.9180
#PMF from TI in kcal/mol
0.0000 0.0000
0.1000 2.9888
0.2000 5.7496
0.3000 8.3186
0.4000 10.6945
0.5000 12.9005
0.6000 14.9953
0.7000 16.9545
0.8000 18.8019
0.9000 20.5201
1.0000 22.0904
#MBAR free energy difference in kcal/mol: 
21.964044, 0.024523 
#TI free energy difference in kcal/mol: 
22.090389  
