# Analysing data contained in file(s) ['/home/jguven/projects/metalloenzymes/starmap/outputs/with_min/SOMD_2/lig_1~lig_15/unbound/lambda_0.0000/simfile.dat', '/home/jguven/projects/metalloenzymes/starmap/outputs/with_min/SOMD_2/lig_1~lig_15/unbound/lambda_0.1000/simfile.dat', '/home/jguven/projects/metalloenzymes/starmap/outputs/with_min/SOMD_2/lig_1~lig_15/unbound/lambda_0.2000/simfile.dat', '/home/jguven/projects/metalloenzymes/starmap/outputs/with_min/SOMD_2/lig_1~lig_15/unbound/lambda_0.3000/simfile.dat', '/home/jguven/projects/metalloenzymes/starmap/outputs/with_min/SOMD_2/lig_1~lig_15/unbound/lambda_0.4000/simfile.dat', '/home/jguven/projects/metalloenzymes/starmap/outputs/with_min/SOMD_2/lig_1~lig_15/unbound/lambda_0.5000/simfile.dat', '/home/jguven/projects/metalloenzymes/starmap/outputs/with_min/SOMD_2/lig_1~lig_15/unbound/lambda_0.6000/simfile.dat', '/home/jguven/projects/metalloenzymes/starmap/outputs/with_min/SOMD_2/lig_1~lig_15/unbound/lambda_0.7000/simfile.dat', '/home/jguven/projects/metalloenzymes/starmap/outputs/with_min/SOMD_2/lig_1~lig_15/unbound/lambda_0.8000/simfile.dat', '/home/jguven/projects/metalloenzymes/starmap/outputs/with_min/SOMD_2/lig_1~lig_15/unbound/lambda_0.9000/simfile.dat', '/home/jguven/projects/metalloenzymes/starmap/outputs/with_min/SOMD_2/lig_1~lig_15/unbound/lambda_1.0000/simfile.dat']
#Overlap matrix
0.7236 0.2512 0.0246 0.0006 0.0000 0.0000 0.0000 0.0000 0.0000 0.0000 0.0000
0.2512 0.4903 0.2311 0.0266 0.0007 0.0000 0.0000 0.0000 0.0000 0.0000 0.0000
0.0246 0.2311 0.4817 0.2344 0.0275 0.0007 0.0000 0.0000 0.0000 0.0000 0.0000
0.0006 0.0266 0.2344 0.4807 0.2329 0.0241 0.0006 0.0000 0.0000 0.0000 0.0000
0.0000 0.0007 0.0275 0.2329 0.4812 0.2302 0.0266 0.0008 0.0000 0.0000 0.0000
0.0000 0.0000 0.0007 0.0241 0.2302 0.4807 0.2343 0.0292 0.0009 0.0000 0.0000
0.0000 0.0000 0.0000 0.0006 0.0266 0.2343 0.4735 0.2348 0.0293 0.0009 0.0000
0.0000 0.0000 0.0000 0.0000 0.0008 0.0292 0.2348 0.4707 0.2347 0.0289 0.0008
0.0000 0.0000 0.0000 0.0000 0.0000 0.0009 0.0293 0.2347 0.4712 0.2364 0.0274
0.0000 0.0000 0.0000 0.0000 0.0000 0.0000 0.0009 0.0289 0.2364 0.4824 0.2514
0.0000 0.0000 0.0000 0.0000 0.0000 0.0000 0.0000 0.0008 0.0274 0.2514 0.7203
#DG from neighbouring lambda in kcal/mol
0.0000 0.1000 10.8852 0.0283
0.1000 0.2000 10.8950 0.0278
0.2000 0.3000 10.9571 0.0271
0.3000 0.4000 11.0377 0.0275
0.4000 0.5000 11.0319 0.0278
0.5000 0.6000 11.0852 0.0269
0.6000 0.7000 11.2012 0.0266
0.7000 0.8000 11.3250 0.0266
0.8000 0.9000 11.4451 0.0267
0.9000 1.0000 11.5377 0.0280
#PMF from MBAR in kcal/mol
0.0000 0.0000 0.0000
0.1000 10.8852 0.0283
0.2000 21.7802 0.0472
0.3000 32.7373 0.0601
0.4000 43.7750 0.0708
0.5000 54.8069 0.0805
0.6000 65.8921 0.0886
0.7000 77.0934 0.0959
0.8000 88.4184 0.1027
0.9000 99.8635 0.1091
1.0000 111.4011 0.1155
#TI average gradients and standard deviation in kcal/mol
0.0000 108.7969 10.3510
0.1000 108.7551 10.5749
0.2000 109.4558 10.6639
0.3000 109.9660 10.3396
0.4000 110.3256 10.5150
0.5000 110.5557 10.4733
0.6000 111.2907 10.1685
0.7000 112.2551 10.3071
0.8000 113.2233 10.2158
0.9000 114.5918 10.1702
1.0000 116.0711 10.3616
#PMF from TI in kcal/mol
0.0000 0.0000
0.1000 10.8776
0.2000 21.7881
0.3000 32.7592
0.4000 43.7738
0.5000 54.8179
0.6000 65.9102
0.7000 77.0875
0.8000 88.3614
0.9000 99.7522
1.0000 111.2853
#MBAR free energy difference in kcal/mol: 
111.401144, 0.115506 
#TI free energy difference in kcal/mol: 
111.285319  
