# Analysing data contained in file(s) ['/home/jguven/projects/metalloenzymes/starmap/outputs/with_min/SOMD_2/lig_1~lig_4/unbound/lambda_0.0000/simfile.dat', '/home/jguven/projects/metalloenzymes/starmap/outputs/with_min/SOMD_2/lig_1~lig_4/unbound/lambda_0.1000/simfile.dat', '/home/jguven/projects/metalloenzymes/starmap/outputs/with_min/SOMD_2/lig_1~lig_4/unbound/lambda_0.2000/simfile.dat', '/home/jguven/projects/metalloenzymes/starmap/outputs/with_min/SOMD_2/lig_1~lig_4/unbound/lambda_0.3000/simfile.dat', '/home/jguven/projects/metalloenzymes/starmap/outputs/with_min/SOMD_2/lig_1~lig_4/unbound/lambda_0.4000/simfile.dat', '/home/jguven/projects/metalloenzymes/starmap/outputs/with_min/SOMD_2/lig_1~lig_4/unbound/lambda_0.5000/simfile.dat', '/home/jguven/projects/metalloenzymes/starmap/outputs/with_min/SOMD_2/lig_1~lig_4/unbound/lambda_0.6000/simfile.dat', '/home/jguven/projects/metalloenzymes/starmap/outputs/with_min/SOMD_2/lig_1~lig_4/unbound/lambda_0.7000/simfile.dat', '/home/jguven/projects/metalloenzymes/starmap/outputs/with_min/SOMD_2/lig_1~lig_4/unbound/lambda_0.8000/simfile.dat', '/home/jguven/projects/metalloenzymes/starmap/outputs/with_min/SOMD_2/lig_1~lig_4/unbound/lambda_0.9000/simfile.dat', '/home/jguven/projects/metalloenzymes/starmap/outputs/with_min/SOMD_2/lig_1~lig_4/unbound/lambda_1.0000/simfile.dat']
#Overlap matrix
0.5309 0.3009 0.1246 0.0356 0.0070 0.0009 0.0001 0.0000 0.0000 0.0000 0.0000
0.3009 0.3179 0.2291 0.1089 0.0347 0.0075 0.0011 0.0001 0.0000 0.0000 0.0000
0.1246 0.2291 0.2761 0.2147 0.1095 0.0368 0.0080 0.0011 0.0001 0.0000 0.0000
0.0356 0.1089 0.2147 0.2686 0.2150 0.1115 0.0373 0.0076 0.0008 0.0000 0.0000
0.0070 0.0347 0.1095 0.2150 0.2667 0.2145 0.1119 0.0352 0.0054 0.0003 0.0000
0.0009 0.0075 0.0368 0.1115 0.2145 0.2708 0.2227 0.1092 0.0244 0.0017 0.0000
0.0001 0.0011 0.0080 0.0373 0.1119 0.2227 0.2936 0.2360 0.0815 0.0077 0.0001
0.0000 0.0001 0.0011 0.0076 0.0352 0.1092 0.2360 0.3446 0.2298 0.0358 0.0007
0.0000 0.0000 0.0001 0.0008 0.0054 0.0244 0.0815 0.2298 0.4487 0.2015 0.0079
0.0000 0.0000 0.0000 0.0000 0.0003 0.0017 0.0077 0.0358 0.2015 0.6106 0.1423
0.0000 0.0000 0.0000 0.0000 0.0000 0.0000 0.0001 0.0007 0.0079 0.1423 0.8490
#DG from neighbouring lambda in kcal/mol
0.0000 0.1000 3.7342 0.0119
0.1000 0.2000 3.5074 0.0107
0.2000 0.3000 3.2294 0.0105
0.3000 0.4000 2.9312 0.0101
0.4000 0.5000 2.6164 0.0101
0.5000 0.6000 2.3187 0.0103
0.6000 0.7000 2.1727 0.0119
0.7000 0.8000 2.3695 0.0174
0.8000 0.9000 3.0697 0.0268
0.9000 1.0000 4.7627 0.0407
#PMF from MBAR in kcal/mol
0.0000 0.0000 0.0000
0.1000 3.7342 0.0119
0.2000 7.2417 0.0207
0.3000 10.4711 0.0274
0.4000 13.4023 0.0327
0.5000 16.0187 0.0371
0.6000 18.3374 0.0412
0.7000 20.5101 0.0454
0.8000 22.8796 0.0512
0.9000 25.9493 0.0611
1.0000 30.7121 0.0771
#TI average gradients and standard deviation in kcal/mol
0.0000 33.9367 6.0249
0.1000 36.2779 5.9462
0.2000 33.8588 5.8770
0.3000 31.0786 5.8144
0.4000 27.7692 5.6310
0.5000 24.4947 5.6961
0.6000 22.1892 5.9359
0.7000 21.7275 7.0621
0.8000 25.7845 10.1198
0.9000 37.2269 13.8751
1.0000 60.2259 19.1875
#PMF from TI in kcal/mol
0.0000 0.0000
0.1000 3.5107
0.2000 7.0176
0.3000 10.2644
0.4000 13.2068
0.5000 15.8200
0.6000 18.1542
0.7000 20.3501
0.8000 22.7257
0.9000 25.8762
1.0000 30.7489
#MBAR free energy difference in kcal/mol: 
30.712057, 0.077133 
#TI free energy difference in kcal/mol: 
30.748875  
