# Analysing data contained in file(s) ['/home/jguven/projects/metalloenzymes/kpc2/outputs/SOMD/lig_11~lig_5/unbound/lambda_0.0000/simfile.dat', '/home/jguven/projects/metalloenzymes/kpc2/outputs/SOMD/lig_11~lig_5/unbound/lambda_0.1000/simfile.dat', '/home/jguven/projects/metalloenzymes/kpc2/outputs/SOMD/lig_11~lig_5/unbound/lambda_0.2000/simfile.dat', '/home/jguven/projects/metalloenzymes/kpc2/outputs/SOMD/lig_11~lig_5/unbound/lambda_0.3000/simfile.dat', '/home/jguven/projects/metalloenzymes/kpc2/outputs/SOMD/lig_11~lig_5/unbound/lambda_0.4000/simfile.dat', '/home/jguven/projects/metalloenzymes/kpc2/outputs/SOMD/lig_11~lig_5/unbound/lambda_0.5000/simfile.dat', '/home/jguven/projects/metalloenzymes/kpc2/outputs/SOMD/lig_11~lig_5/unbound/lambda_0.6000/simfile.dat', '/home/jguven/projects/metalloenzymes/kpc2/outputs/SOMD/lig_11~lig_5/unbound/lambda_0.7000/simfile.dat', '/home/jguven/projects/metalloenzymes/kpc2/outputs/SOMD/lig_11~lig_5/unbound/lambda_0.8000/simfile.dat', '/home/jguven/projects/metalloenzymes/kpc2/outputs/SOMD/lig_11~lig_5/unbound/lambda_0.9000/simfile.dat', '/home/jguven/projects/metalloenzymes/kpc2/outputs/SOMD/lig_11~lig_5/unbound/lambda_1.0000/simfile.dat']
#Overlap matrix
0.8570 0.1407 0.0023 0.0000 0.0000 0.0000 0.0000 0.0000 0.0000 0.0000 0.0000
0.1407 0.6814 0.1732 0.0045 0.0000 0.0000 0.0000 0.0000 0.0000 0.0000 0.0000
0.0023 0.1732 0.6255 0.1916 0.0073 0.0000 0.0000 0.0000 0.0000 0.0000 0.0000
0.0000 0.0045 0.1916 0.5961 0.1999 0.0078 0.0000 0.0000 0.0000 0.0000 0.0000
0.0000 0.0000 0.0073 0.1999 0.5837 0.2011 0.0079 0.0000 0.0000 0.0000 0.0000
0.0000 0.0000 0.0000 0.0078 0.2011 0.5815 0.2027 0.0069 0.0000 0.0000 0.0000
0.0000 0.0000 0.0000 0.0000 0.0079 0.2027 0.5968 0.1876 0.0050 0.0000 0.0000
0.0000 0.0000 0.0000 0.0000 0.0000 0.0069 0.1876 0.6357 0.1679 0.0019 0.0000
0.0000 0.0000 0.0000 0.0000 0.0000 0.0000 0.0050 0.1679 0.6973 0.1294 0.0005
0.0000 0.0000 0.0000 0.0000 0.0000 0.0000 0.0000 0.0019 0.1294 0.7739 0.0949
0.0000 0.0000 0.0000 0.0000 0.0000 0.0000 0.0000 0.0000 0.0005 0.0949 0.9046
#DG from neighbouring lambda in kcal/mol
0.0000 0.1000 -1.5137 0.0403
0.1000 0.2000 -0.8601 0.0340
0.2000 0.3000 -0.5501 0.0308
0.3000 0.4000 -0.4297 0.0294
0.4000 0.5000 -0.4799 0.0292
0.5000 0.6000 -0.5226 0.0291
0.6000 0.7000 -0.4096 0.0313
0.7000 0.8000 0.0120 0.0348
0.8000 0.9000 0.6566 0.0426
0.9000 1.0000 1.6908 0.0525
#PMF from MBAR in kcal/mol
0.0000 0.0000 0.0000
0.1000 -1.5137 0.0403
0.2000 -2.3738 0.0580
0.3000 -2.9240 0.0699
0.4000 -3.3537 0.0793
0.5000 -3.8337 0.0877
0.6000 -4.3563 0.0952
0.7000 -4.7659 0.1030
0.8000 -4.7539 0.1112
0.9000 -4.0973 0.1216
1.0000 -2.4065 0.1347
#TI average gradients and standard deviation in kcal/mol
0.0000 -22.3357 17.1979
0.1000 -10.9177 15.2890
0.2000 -6.6346 14.0739
0.3000 -4.4452 13.0068
0.4000 -4.5038 13.0021
0.5000 -5.4168 13.0593
0.6000 -5.0076 13.0322
0.7000 -3.0199 13.9917
0.8000 3.0898 15.8880
0.9000 10.5518 17.8793
1.0000 26.5651 21.0230
#PMF from TI in kcal/mol
0.0000 0.0000
0.1000 -1.6627
0.2000 -2.5403
0.3000 -3.0943
0.4000 -3.5417
0.5000 -4.0378
0.6000 -4.5590
0.7000 -4.9604
0.8000 -4.9569
0.9000 -4.2748
1.0000 -2.4189
#MBAR free energy difference in kcal/mol: 
-2.406500, 0.134739 
#TI free energy difference in kcal/mol: 
-2.418945  
