# Analysing data contained in file(s) ['/home/jguven/projects/metalloenzymes/kpc2/outputs/SOMD/lig_13~lig_6/bound/lambda_0.0000/simfile.dat', '/home/jguven/projects/metalloenzymes/kpc2/outputs/SOMD/lig_13~lig_6/bound/lambda_0.1000/simfile.dat', '/home/jguven/projects/metalloenzymes/kpc2/outputs/SOMD/lig_13~lig_6/bound/lambda_0.2000/simfile.dat', '/home/jguven/projects/metalloenzymes/kpc2/outputs/SOMD/lig_13~lig_6/bound/lambda_0.3000/simfile.dat', '/home/jguven/projects/metalloenzymes/kpc2/outputs/SOMD/lig_13~lig_6/bound/lambda_0.4000/simfile.dat', '/home/jguven/projects/metalloenzymes/kpc2/outputs/SOMD/lig_13~lig_6/bound/lambda_0.5000/simfile.dat', '/home/jguven/projects/metalloenzymes/kpc2/outputs/SOMD/lig_13~lig_6/bound/lambda_0.6000/simfile.dat', '/home/jguven/projects/metalloenzymes/kpc2/outputs/SOMD/lig_13~lig_6/bound/lambda_0.7000/simfile.dat', '/home/jguven/projects/metalloenzymes/kpc2/outputs/SOMD/lig_13~lig_6/bound/lambda_0.8000/simfile.dat', '/home/jguven/projects/metalloenzymes/kpc2/outputs/SOMD/lig_13~lig_6/bound/lambda_0.9000/simfile.dat', '/home/jguven/projects/metalloenzymes/kpc2/outputs/SOMD/lig_13~lig_6/bound/lambda_1.0000/simfile.dat']
#Overlap matrix
0.8325 0.1658 0.0017 0.0000 0.0000 0.0000 0.0000 0.0000 0.0000 0.0000 0.0000
0.1658 0.6828 0.1504 0.0010 0.0000 0.0000 0.0000 0.0000 0.0000 0.0000 0.0000
0.0017 0.1504 0.7181 0.1292 0.0007 0.0000 0.0000 0.0000 0.0000 0.0000 0.0000
0.0000 0.0010 0.1292 0.7342 0.1352 0.0004 0.0000 0.0000 0.0000 0.0000 0.0000
0.0000 0.0000 0.0007 0.1352 0.7545 0.1093 0.0002 0.0000 0.0000 0.0000 0.0000
0.0000 0.0000 0.0000 0.0004 0.1093 0.7807 0.1095 0.0001 0.0000 0.0000 0.0000
0.0000 0.0000 0.0000 0.0000 0.0002 0.1095 0.7892 0.1010 0.0001 0.0000 0.0000
0.0000 0.0000 0.0000 0.0000 0.0000 0.0001 0.1010 0.8107 0.0881 0.0000 0.0000
0.0000 0.0000 0.0000 0.0000 0.0000 0.0000 0.0001 0.0881 0.8396 0.0722 0.0000
0.0000 0.0000 0.0000 0.0000 0.0000 0.0000 0.0000 0.0000 0.0722 0.8521 0.0757
0.0000 0.0000 0.0000 0.0000 0.0000 0.0000 0.0000 0.0000 0.0000 0.0757 0.9243
#DG from neighbouring lambda in kcal/mol
0.0000 0.1000 3.0928 0.0395
0.1000 0.2000 2.8644 0.0422
0.2000 0.3000 2.5533 0.0471
0.3000 0.4000 2.4017 0.0458
0.4000 0.5000 2.1742 0.0529
0.5000 0.6000 1.8976 0.0529
0.6000 0.7000 1.6962 0.0557
0.7000 0.8000 1.5986 0.0606
0.8000 0.9000 1.6359 0.0683
0.9000 1.0000 2.1016 0.0664
#PMF from MBAR in kcal/mol
0.0000 0.0000 0.0000
0.1000 3.0928 0.0395
0.2000 5.9573 0.0639
0.3000 8.5105 0.0840
0.4000 10.9123 0.0995
0.5000 13.0864 0.1161
0.6000 14.9840 0.1305
0.7000 16.6802 0.1446
0.8000 18.2788 0.1593
0.9000 19.9148 0.1756
1.0000 22.0164 0.1898
#TI average gradients and standard deviation in kcal/mol
0.0000 30.8553 13.9914
0.1000 30.1609 14.9526
0.2000 29.1397 15.3562
0.3000 23.3239 16.2894
0.4000 23.7384 17.0548
0.5000 19.7526 17.1964
0.6000 17.1172 18.1751
0.7000 15.9945 18.3627
0.8000 16.7856 19.2593
0.9000 16.4214 20.6052
1.0000 27.6326 22.3031
#PMF from TI in kcal/mol
0.0000 0.0000
0.1000 3.0508
0.2000 6.0158
0.3000 8.6390
0.4000 10.9921
0.5000 13.1667
0.6000 15.0102
0.7000 16.6658
0.8000 18.3048
0.9000 19.9651
1.0000 22.1678
#MBAR free energy difference in kcal/mol: 
22.016369, 0.189784 
#TI free energy difference in kcal/mol: 
22.167823  
