# Analysing data contained in file(s) ['/home/jguven/projects/metalloenzymes/kpc2/outputs/SOMD/lig_16~lig_9/unbound/lambda_0.0000/simfile.dat', '/home/jguven/projects/metalloenzymes/kpc2/outputs/SOMD/lig_16~lig_9/unbound/lambda_0.1000/simfile.dat', '/home/jguven/projects/metalloenzymes/kpc2/outputs/SOMD/lig_16~lig_9/unbound/lambda_0.2000/simfile.dat', '/home/jguven/projects/metalloenzymes/kpc2/outputs/SOMD/lig_16~lig_9/unbound/lambda_0.3000/simfile.dat', '/home/jguven/projects/metalloenzymes/kpc2/outputs/SOMD/lig_16~lig_9/unbound/lambda_0.4000/simfile.dat', '/home/jguven/projects/metalloenzymes/kpc2/outputs/SOMD/lig_16~lig_9/unbound/lambda_0.5000/simfile.dat', '/home/jguven/projects/metalloenzymes/kpc2/outputs/SOMD/lig_16~lig_9/unbound/lambda_0.6000/simfile.dat', '/home/jguven/projects/metalloenzymes/kpc2/outputs/SOMD/lig_16~lig_9/unbound/lambda_0.7000/simfile.dat', '/home/jguven/projects/metalloenzymes/kpc2/outputs/SOMD/lig_16~lig_9/unbound/lambda_0.8000/simfile.dat', '/home/jguven/projects/metalloenzymes/kpc2/outputs/SOMD/lig_16~lig_9/unbound/lambda_0.9000/simfile.dat', '/home/jguven/projects/metalloenzymes/kpc2/outputs/SOMD/lig_16~lig_9/unbound/lambda_1.0000/simfile.dat']
#Overlap matrix
0.7615 0.2240 0.0143 0.0002 0.0000 0.0000 0.0000 0.0000 0.0000 0.0000 0.0000
0.2240 0.5470 0.2130 0.0156 0.0003 0.0000 0.0000 0.0000 0.0000 0.0000 0.0000
0.0143 0.2130 0.5325 0.2210 0.0188 0.0004 0.0000 0.0000 0.0000 0.0000 0.0000
0.0002 0.0156 0.2210 0.5106 0.2298 0.0223 0.0005 0.0000 0.0000 0.0000 0.0000
0.0000 0.0003 0.0188 0.2298 0.5090 0.2210 0.0207 0.0005 0.0000 0.0000 0.0000
0.0000 0.0000 0.0004 0.0223 0.2210 0.5007 0.2324 0.0227 0.0005 0.0000 0.0000
0.0000 0.0000 0.0000 0.0005 0.0207 0.2324 0.5082 0.2202 0.0178 0.0002 0.0000
0.0000 0.0000 0.0000 0.0000 0.0005 0.0227 0.2202 0.5311 0.2151 0.0102 0.0000
0.0000 0.0000 0.0000 0.0000 0.0000 0.0005 0.0178 0.2151 0.5849 0.1785 0.0032
0.0000 0.0000 0.0000 0.0000 0.0000 0.0000 0.0002 0.0102 0.1785 0.6684 0.1427
0.0000 0.0000 0.0000 0.0000 0.0000 0.0000 0.0000 0.0000 0.0032 0.1427 0.8540
#DG from neighbouring lambda in kcal/mol
0.0000 0.1000 3.2421 0.0256
0.1000 0.2000 3.2214 0.0252
0.2000 0.3000 3.1405 0.0240
0.3000 0.4000 3.1296 0.0226
0.4000 0.5000 3.1717 0.0233
0.5000 0.6000 3.2232 0.0222
0.6000 0.7000 3.4749 0.0236
0.7000 0.8000 3.9020 0.0252
0.8000 0.9000 4.6145 0.0310
0.9000 1.0000 5.6694 0.0380
#PMF from MBAR in kcal/mol
0.0000 0.0000 0.0000
0.1000 3.2421 0.0256
0.2000 6.4635 0.0417
0.3000 9.6039 0.0526
0.4000 12.7336 0.0609
0.5000 15.9053 0.0683
0.6000 19.1284 0.0748
0.7000 22.6033 0.0809
0.8000 26.5053 0.0873
0.9000 31.1198 0.0951
1.0000 36.7892 0.1050
#TI average gradients and standard deviation in kcal/mol
0.0000 29.1346 12.2630
0.1000 32.6185 12.0175
0.2000 31.9645 12.0205
0.3000 31.3819 11.6375
0.4000 31.9196 11.2628
0.5000 31.9273 10.8682
0.6000 33.5376 11.1691
0.7000 36.6725 11.6054
0.8000 41.9913 12.6910
0.9000 50.8472 15.1425
1.0000 63.4261 17.8491
#PMF from TI in kcal/mol
0.0000 0.0000
0.1000 3.0877
0.2000 6.3168
0.3000 9.4841
0.4000 12.6492
0.5000 15.8415
0.6000 19.1148
0.7000 22.6253
0.8000 26.5585
0.9000 31.2004
1.0000 36.9141
#MBAR free energy difference in kcal/mol: 
36.789164, 0.104963 
#TI free energy difference in kcal/mol: 
36.914083  
