# Analysing data contained in file(s) ['/home/jguven/projects/metalloenzymes/starmap/outputs/with_min/SOMD_2/lig_1~lig_6/bound/lambda_0.0000/simfile.dat', '/home/jguven/projects/metalloenzymes/starmap/outputs/with_min/SOMD_2/lig_1~lig_6/bound/lambda_0.1000/simfile.dat', '/home/jguven/projects/metalloenzymes/starmap/outputs/with_min/SOMD_2/lig_1~lig_6/bound/lambda_0.2000/simfile.dat', '/home/jguven/projects/metalloenzymes/starmap/outputs/with_min/SOMD_2/lig_1~lig_6/bound/lambda_0.3000/simfile.dat', '/home/jguven/projects/metalloenzymes/starmap/outputs/with_min/SOMD_2/lig_1~lig_6/bound/lambda_0.4000/simfile.dat', '/home/jguven/projects/metalloenzymes/starmap/outputs/with_min/SOMD_2/lig_1~lig_6/bound/lambda_0.5000/simfile.dat', '/home/jguven/projects/metalloenzymes/starmap/outputs/with_min/SOMD_2/lig_1~lig_6/bound/lambda_0.6000/simfile.dat', '/home/jguven/projects/metalloenzymes/starmap/outputs/with_min/SOMD_2/lig_1~lig_6/bound/lambda_0.7000/simfile.dat', '/home/jguven/projects/metalloenzymes/starmap/outputs/with_min/SOMD_2/lig_1~lig_6/bound/lambda_0.8000/simfile.dat', '/home/jguven/projects/metalloenzymes/starmap/outputs/with_min/SOMD_2/lig_1~lig_6/bound/lambda_0.9000/simfile.dat', '/home/jguven/projects/metalloenzymes/starmap/outputs/with_min/SOMD_2/lig_1~lig_6/bound/lambda_1.0000/simfile.dat']
#Overlap matrix
0.5839 0.2991 0.0973 0.0178 0.0018 0.0001 0.0000 0.0000 0.0000 0.0000 0.0000
0.2991 0.3541 0.2411 0.0870 0.0168 0.0018 0.0001 0.0000 0.0000 0.0000 0.0000
0.0973 0.2411 0.3246 0.2292 0.0874 0.0183 0.0019 0.0001 0.0000 0.0000 0.0000
0.0178 0.0870 0.2292 0.3198 0.2353 0.0914 0.0177 0.0017 0.0001 0.0000 0.0000
0.0018 0.0168 0.0874 0.2353 0.3225 0.2324 0.0860 0.0163 0.0015 0.0001 0.0000
0.0001 0.0018 0.0183 0.0914 0.2324 0.3217 0.2329 0.0852 0.0150 0.0011 0.0000
0.0000 0.0001 0.0019 0.0177 0.0860 0.2329 0.3304 0.2379 0.0810 0.0114 0.0006
0.0000 0.0000 0.0001 0.0017 0.0163 0.0852 0.2379 0.3477 0.2398 0.0650 0.0062
0.0000 0.0000 0.0000 0.0001 0.0015 0.0150 0.0810 0.2398 0.3811 0.2369 0.0445
0.0000 0.0000 0.0000 0.0000 0.0001 0.0011 0.0114 0.0650 0.2369 0.4432 0.2423
0.0000 0.0000 0.0000 0.0000 0.0000 0.0000 0.0006 0.0062 0.0445 0.2423 0.7063
#DG from neighbouring lambda in kcal/mol
0.0000 0.1000 6.5644 0.0169
0.1000 0.2000 6.3008 0.0156
0.2000 0.3000 5.9950 0.0159
0.3000 0.4000 5.6949 0.0152
0.4000 0.5000 5.4006 0.0155
0.5000 0.6000 5.0684 0.0159
0.6000 0.7000 4.7561 0.0162
0.7000 0.8000 4.5665 0.0178
0.8000 0.9000 4.5401 0.0213
0.9000 1.0000 4.8728 0.0268
#PMF from MBAR in kcal/mol
0.0000 0.0000 0.0000
0.1000 6.5644 0.0169
0.2000 12.8652 0.0290
0.3000 18.8601 0.0385
0.4000 24.5551 0.0458
0.5000 29.9556 0.0521
0.6000 35.0241 0.0579
0.7000 39.7802 0.0633
0.8000 44.3467 0.0688
0.9000 48.8868 0.0750
1.0000 53.7596 0.0829
#TI average gradients and standard deviation in kcal/mol
0.0000 65.3979 7.1383
0.1000 63.8245 7.2492
0.2000 61.4173 6.9533
0.3000 58.8596 7.2663
0.4000 55.4489 6.7418
0.5000 52.7385 7.2790
0.6000 48.9697 7.2006
0.7000 46.4617 7.2150
0.8000 45.2304 8.2151
0.9000 47.3818 9.9871
1.0000 52.1811 12.2847
#PMF from TI in kcal/mol
0.0000 0.0000
0.1000 6.4611
0.2000 12.7232
0.3000 18.7370
0.4000 24.4525
0.5000 29.8618
0.6000 34.9473
0.7000 39.7188
0.8000 44.3034
0.9000 48.9340
1.0000 53.9122
#MBAR free energy difference in kcal/mol: 
53.759618, 0.082915 
#TI free energy difference in kcal/mol: 
53.912183  
