# Analysing data contained in file(s) ['/home/jguven/projects/metalloenzymes/starmap/outputs/with_min/SOMD_3/lig_1~lig_5/bound/lambda_0.0000/simfile.dat', '/home/jguven/projects/metalloenzymes/starmap/outputs/with_min/SOMD_3/lig_1~lig_5/bound/lambda_0.1000/simfile.dat', '/home/jguven/projects/metalloenzymes/starmap/outputs/with_min/SOMD_3/lig_1~lig_5/bound/lambda_0.2000/simfile.dat', '/home/jguven/projects/metalloenzymes/starmap/outputs/with_min/SOMD_3/lig_1~lig_5/bound/lambda_0.3000/simfile.dat', '/home/jguven/projects/metalloenzymes/starmap/outputs/with_min/SOMD_3/lig_1~lig_5/bound/lambda_0.4000/simfile.dat', '/home/jguven/projects/metalloenzymes/starmap/outputs/with_min/SOMD_3/lig_1~lig_5/bound/lambda_0.5000/simfile.dat', '/home/jguven/projects/metalloenzymes/starmap/outputs/with_min/SOMD_3/lig_1~lig_5/bound/lambda_0.6000/simfile.dat', '/home/jguven/projects/metalloenzymes/starmap/outputs/with_min/SOMD_3/lig_1~lig_5/bound/lambda_0.7000/simfile.dat', '/home/jguven/projects/metalloenzymes/starmap/outputs/with_min/SOMD_3/lig_1~lig_5/bound/lambda_0.8000/simfile.dat', '/home/jguven/projects/metalloenzymes/starmap/outputs/with_min/SOMD_3/lig_1~lig_5/bound/lambda_0.9000/simfile.dat', '/home/jguven/projects/metalloenzymes/starmap/outputs/with_min/SOMD_3/lig_1~lig_5/bound/lambda_1.0000/simfile.dat']
#Overlap matrix
0.7783 0.2114 0.0102 0.0001 0.0000 0.0000 0.0000 0.0000 0.0000 0.0000 0.0000
0.2114 0.5677 0.2100 0.0108 0.0001 0.0000 0.0000 0.0000 0.0000 0.0000 0.0000
0.0102 0.2100 0.5578 0.2097 0.0121 0.0001 0.0000 0.0000 0.0000 0.0000 0.0000
0.0001 0.0108 0.2097 0.5474 0.2161 0.0157 0.0002 0.0000 0.0000 0.0000 0.0000
0.0000 0.0001 0.0121 0.2161 0.5341 0.2198 0.0174 0.0003 0.0000 0.0000 0.0000
0.0000 0.0000 0.0001 0.0157 0.2198 0.5190 0.2239 0.0210 0.0006 0.0000 0.0000
0.0000 0.0000 0.0000 0.0002 0.0174 0.2239 0.5039 0.2287 0.0251 0.0007 0.0000
0.0000 0.0000 0.0000 0.0000 0.0003 0.0210 0.2287 0.4940 0.2309 0.0245 0.0006
0.0000 0.0000 0.0000 0.0000 0.0000 0.0006 0.0251 0.2309 0.5037 0.2222 0.0175
0.0000 0.0000 0.0000 0.0000 0.0000 0.0000 0.0007 0.0245 0.2222 0.5397 0.2128
0.0000 0.0000 0.0000 0.0000 0.0000 0.0000 0.0000 0.0006 0.0175 0.2128 0.7690
#DG from neighbouring lambda in kcal/mol
0.0000 0.1000 6.4747 0.0324
0.1000 0.2000 6.4023 0.0312
0.2000 0.3000 6.2086 0.0310
0.3000 0.4000 5.9734 0.0297
0.4000 0.5000 5.7545 0.0287
0.5000 0.6000 5.4907 0.0277
0.6000 0.7000 5.2749 0.0264
0.7000 0.8000 5.2336 0.0258
0.8000 0.9000 5.3652 0.0275
0.9000 1.0000 5.7664 0.0313
#PMF from MBAR in kcal/mol
0.0000 0.0000 0.0000
0.1000 6.4747 0.0324
0.2000 12.8770 0.0519
0.3000 19.0856 0.0657
0.4000 25.0590 0.0765
0.5000 30.8135 0.0855
0.6000 36.3042 0.0932
0.7000 41.5791 0.0999
0.8000 46.8127 0.1059
0.9000 52.1779 0.1119
1.0000 57.9443 0.1187
#TI average gradients and standard deviation in kcal/mol
0.0000 64.2378 12.6574
0.1000 62.7881 12.0245
0.2000 62.4144 12.5513
0.3000 62.3290 11.7883
0.4000 57.9125 11.4053
0.5000 56.5460 11.0330
0.6000 53.8024 10.7876
0.7000 51.7612 10.4958
0.8000 52.9932 10.6115
0.9000 55.2417 11.4980
1.0000 61.4309 13.1750
#PMF from TI in kcal/mol
0.0000 0.0000
0.1000 6.3513
0.2000 12.6114
0.3000 18.8486
0.4000 24.8607
0.5000 30.5836
0.6000 36.1010
0.7000 41.3792
0.8000 46.6169
0.9000 52.0286
1.0000 57.8623
#MBAR free energy difference in kcal/mol: 
57.944303, 0.118738 
#TI free energy difference in kcal/mol: 
57.862263  
