# Analysing data contained in file(s) ['/home/jguven/projects/metalloenzymes/kpc2/outputs/SOMD/lig_6~lig_8/bound/lambda_0.0000/simfile.dat', '/home/jguven/projects/metalloenzymes/kpc2/outputs/SOMD/lig_6~lig_8/bound/lambda_0.1000/simfile.dat', '/home/jguven/projects/metalloenzymes/kpc2/outputs/SOMD/lig_6~lig_8/bound/lambda_0.2000/simfile.dat', '/home/jguven/projects/metalloenzymes/kpc2/outputs/SOMD/lig_6~lig_8/bound/lambda_0.3000/simfile.dat', '/home/jguven/projects/metalloenzymes/kpc2/outputs/SOMD/lig_6~lig_8/bound/lambda_0.4000/simfile.dat', '/home/jguven/projects/metalloenzymes/kpc2/outputs/SOMD/lig_6~lig_8/bound/lambda_0.5000/simfile.dat', '/home/jguven/projects/metalloenzymes/kpc2/outputs/SOMD/lig_6~lig_8/bound/lambda_0.6000/simfile.dat', '/home/jguven/projects/metalloenzymes/kpc2/outputs/SOMD/lig_6~lig_8/bound/lambda_0.7000/simfile.dat', '/home/jguven/projects/metalloenzymes/kpc2/outputs/SOMD/lig_6~lig_8/bound/lambda_0.8000/simfile.dat', '/home/jguven/projects/metalloenzymes/kpc2/outputs/SOMD/lig_6~lig_8/bound/lambda_0.9000/simfile.dat', '/home/jguven/projects/metalloenzymes/kpc2/outputs/SOMD/lig_6~lig_8/bound/lambda_1.0000/simfile.dat']
#Overlap matrix
0.7898 0.1979 0.0120 0.0003 0.0000 0.0000 0.0000 0.0000 0.0000 0.0000 0.0000
0.1979 0.5707 0.2098 0.0209 0.0007 0.0000 0.0000 0.0000 0.0000 0.0000 0.0000
0.0120 0.2098 0.5192 0.2303 0.0278 0.0008 0.0000 0.0000 0.0000 0.0000 0.0000
0.0003 0.0209 0.2303 0.4897 0.2326 0.0256 0.0007 0.0000 0.0000 0.0000 0.0000
0.0000 0.0007 0.0278 0.2326 0.4806 0.2332 0.0245 0.0006 0.0000 0.0000 0.0000
0.0000 0.0000 0.0008 0.0256 0.2332 0.4854 0.2302 0.0244 0.0005 0.0000 0.0000
0.0000 0.0000 0.0000 0.0007 0.0245 0.2302 0.4945 0.2298 0.0200 0.0003 0.0000
0.0000 0.0000 0.0000 0.0000 0.0006 0.0244 0.2298 0.4999 0.2267 0.0184 0.0003
0.0000 0.0000 0.0000 0.0000 0.0000 0.0005 0.0200 0.2267 0.5136 0.2206 0.0187
0.0000 0.0000 0.0000 0.0000 0.0000 0.0000 0.0003 0.0184 0.2206 0.5185 0.2422
0.0000 0.0000 0.0000 0.0000 0.0000 0.0000 0.0000 0.0003 0.0187 0.2422 0.7388
#DG from neighbouring lambda in kcal/mol
0.0000 0.1000 2.8011 0.0336
0.1000 0.2000 3.5018 0.0295
0.2000 0.3000 4.0054 0.0257
0.3000 0.4000 4.3805 0.0250
0.4000 0.5000 4.5703 0.0252
0.5000 0.6000 4.7332 0.0257
0.6000 0.7000 4.9170 0.0262
0.7000 0.8000 5.0402 0.0270
0.8000 0.9000 5.1776 0.0279
0.9000 1.0000 5.4017 0.0274
#PMF from MBAR in kcal/mol
0.0000 0.0000 0.0000
0.1000 2.8011 0.0336
0.2000 6.3029 0.0511
0.3000 10.3083 0.0619
0.4000 14.6887 0.0707
0.5000 19.2590 0.0787
0.6000 23.9921 0.0861
0.7000 28.9091 0.0930
0.8000 33.9494 0.0999
0.9000 39.1270 0.1066
1.0000 44.5287 0.1127
#TI average gradients and standard deviation in kcal/mol
0.0000 25.4825 14.0635
0.1000 32.0320 12.4059
0.2000 37.6086 11.7847
0.3000 43.0660 10.7922
0.4000 44.4060 10.5296
0.5000 46.9423 10.8776
0.6000 48.2884 10.6520
0.7000 50.1472 10.8268
0.8000 50.4413 10.9612
0.9000 52.3321 10.9967
1.0000 58.0148 11.0789
#PMF from TI in kcal/mol
0.0000 0.0000
0.1000 2.8757
0.2000 6.3578
0.3000 10.3915
0.4000 14.7651
0.5000 19.3325
0.6000 24.0940
0.7000 29.0158
0.8000 34.0452
0.9000 39.1839
1.0000 44.7013
#MBAR free energy difference in kcal/mol: 
44.528655, 0.112698 
#TI free energy difference in kcal/mol: 
44.701269  
