# Analysing data contained in file(s) ['/home/jguven/projects/metalloenzymes/starmap/outputs/with_min/SOMD_1/lig_1~lig_5/unbound/lambda_0.0000/simfile.dat', '/home/jguven/projects/metalloenzymes/starmap/outputs/with_min/SOMD_1/lig_1~lig_5/unbound/lambda_0.1000/simfile.dat', '/home/jguven/projects/metalloenzymes/starmap/outputs/with_min/SOMD_1/lig_1~lig_5/unbound/lambda_0.2000/simfile.dat', '/home/jguven/projects/metalloenzymes/starmap/outputs/with_min/SOMD_1/lig_1~lig_5/unbound/lambda_0.3000/simfile.dat', '/home/jguven/projects/metalloenzymes/starmap/outputs/with_min/SOMD_1/lig_1~lig_5/unbound/lambda_0.4000/simfile.dat', '/home/jguven/projects/metalloenzymes/starmap/outputs/with_min/SOMD_1/lig_1~lig_5/unbound/lambda_0.5000/simfile.dat', '/home/jguven/projects/metalloenzymes/starmap/outputs/with_min/SOMD_1/lig_1~lig_5/unbound/lambda_0.6000/simfile.dat', '/home/jguven/projects/metalloenzymes/starmap/outputs/with_min/SOMD_1/lig_1~lig_5/unbound/lambda_0.7000/simfile.dat', '/home/jguven/projects/metalloenzymes/starmap/outputs/with_min/SOMD_1/lig_1~lig_5/unbound/lambda_0.8000/simfile.dat', '/home/jguven/projects/metalloenzymes/starmap/outputs/with_min/SOMD_1/lig_1~lig_5/unbound/lambda_0.9000/simfile.dat', '/home/jguven/projects/metalloenzymes/starmap/outputs/with_min/SOMD_1/lig_1~lig_5/unbound/lambda_1.0000/simfile.dat']
#Overlap matrix
0.7840 0.2072 0.0087 0.0001 0.0000 0.0000 0.0000 0.0000 0.0000 0.0000 0.0000
0.2072 0.5795 0.2012 0.0120 0.0001 0.0000 0.0000 0.0000 0.0000 0.0000 0.0000
0.0087 0.2012 0.5574 0.2186 0.0139 0.0002 0.0000 0.0000 0.0000 0.0000 0.0000
0.0001 0.0120 0.2186 0.5417 0.2127 0.0147 0.0002 0.0000 0.0000 0.0000 0.0000
0.0000 0.0001 0.0139 0.2127 0.5299 0.2239 0.0191 0.0004 0.0000 0.0000 0.0000
0.0000 0.0000 0.0002 0.0147 0.2239 0.5168 0.2222 0.0217 0.0006 0.0000 0.0000
0.0000 0.0000 0.0000 0.0002 0.0191 0.2222 0.4990 0.2333 0.0254 0.0008 0.0000
0.0000 0.0000 0.0000 0.0000 0.0004 0.0217 0.2333 0.4895 0.2294 0.0251 0.0007
0.0000 0.0000 0.0000 0.0000 0.0000 0.0006 0.0254 0.2294 0.5045 0.2217 0.0184
0.0000 0.0000 0.0000 0.0000 0.0000 0.0000 0.0008 0.0251 0.2217 0.5356 0.2168
0.0000 0.0000 0.0000 0.0000 0.0000 0.0000 0.0000 0.0007 0.0184 0.2168 0.7642
#DG from neighbouring lambda in kcal/mol
0.0000 0.1000 6.4498 0.0324
0.1000 0.2000 6.2702 0.0317
0.2000 0.3000 6.1598 0.0290
0.3000 0.4000 6.0020 0.0294
0.4000 0.5000 5.7628 0.0276
0.5000 0.6000 5.5616 0.0270
0.6000 0.7000 5.3761 0.0253
0.7000 0.8000 5.3098 0.0253
0.8000 0.9000 5.4315 0.0268
0.9000 1.0000 5.7894 0.0300
#PMF from MBAR in kcal/mol
0.0000 0.0000 0.0000
0.1000 6.4498 0.0324
0.2000 12.7199 0.0520
0.3000 18.8797 0.0646
0.4000 24.8817 0.0751
0.5000 30.6445 0.0838
0.6000 36.2061 0.0912
0.7000 41.5823 0.0976
0.8000 46.8920 0.1035
0.9000 52.3235 0.1093
1.0000 58.1129 0.1159
#TI average gradients and standard deviation in kcal/mol
0.0000 63.9583 12.7699
0.1000 63.8922 12.7686
0.2000 61.9964 12.0429
0.3000 60.6002 11.6474
0.4000 58.7452 11.5560
0.5000 56.4753 11.1754
0.6000 54.8527 10.6527
0.7000 53.1236 10.4852
0.8000 53.0370 10.3418
0.9000 55.2829 11.3122
1.0000 60.7245 12.7879
#PMF from TI in kcal/mol
0.0000 0.0000
0.1000 6.3925
0.2000 12.6870
0.3000 18.8168
0.4000 24.7841
0.5000 30.5451
0.6000 36.1115
0.7000 41.5103
0.8000 46.8183
0.9000 52.2343
1.0000 58.0347
#MBAR free energy difference in kcal/mol: 
58.112883, 0.115862 
#TI free energy difference in kcal/mol: 
58.034703  
