# Analysing data contained in file(s) ['/home/jguven/projects/metalloenzymes/kpc2/outputs/SOMD/lig_13~lig_3/bound/lambda_0.0000/simfile.dat', '/home/jguven/projects/metalloenzymes/kpc2/outputs/SOMD/lig_13~lig_3/bound/lambda_0.0625/simfile.dat', '/home/jguven/projects/metalloenzymes/kpc2/outputs/SOMD/lig_13~lig_3/bound/lambda_0.1250/simfile.dat', '/home/jguven/projects/metalloenzymes/kpc2/outputs/SOMD/lig_13~lig_3/bound/lambda_0.1875/simfile.dat', '/home/jguven/projects/metalloenzymes/kpc2/outputs/SOMD/lig_13~lig_3/bound/lambda_0.2500/simfile.dat', '/home/jguven/projects/metalloenzymes/kpc2/outputs/SOMD/lig_13~lig_3/bound/lambda_0.3125/simfile.dat', '/home/jguven/projects/metalloenzymes/kpc2/outputs/SOMD/lig_13~lig_3/bound/lambda_0.3750/simfile.dat', '/home/jguven/projects/metalloenzymes/kpc2/outputs/SOMD/lig_13~lig_3/bound/lambda_0.4375/simfile.dat', '/home/jguven/projects/metalloenzymes/kpc2/outputs/SOMD/lig_13~lig_3/bound/lambda_0.5000/simfile.dat', '/home/jguven/projects/metalloenzymes/kpc2/outputs/SOMD/lig_13~lig_3/bound/lambda_0.5625/simfile.dat', '/home/jguven/projects/metalloenzymes/kpc2/outputs/SOMD/lig_13~lig_3/bound/lambda_0.6250/simfile.dat', '/home/jguven/projects/metalloenzymes/kpc2/outputs/SOMD/lig_13~lig_3/bound/lambda_0.6875/simfile.dat', '/home/jguven/projects/metalloenzymes/kpc2/outputs/SOMD/lig_13~lig_3/bound/lambda_0.7500/simfile.dat', '/home/jguven/projects/metalloenzymes/kpc2/outputs/SOMD/lig_13~lig_3/bound/lambda_0.8125/simfile.dat', '/home/jguven/projects/metalloenzymes/kpc2/outputs/SOMD/lig_13~lig_3/bound/lambda_0.8750/simfile.dat', '/home/jguven/projects/metalloenzymes/kpc2/outputs/SOMD/lig_13~lig_3/bound/lambda_0.9375/simfile.dat', '/home/jguven/projects/metalloenzymes/kpc2/outputs/SOMD/lig_13~lig_3/bound/lambda_1.0000/simfile.dat']
#Overlap matrix
0.6644 0.2644 0.0615 0.0089 0.0007 0.0000 0.0000 0.0000 0.0000 0.0000 0.0000 0.0000 0.0000 0.0000 0.0000 0.0000 0.0000
0.2644 0.3992 0.2473 0.0765 0.0116 0.0009 0.0000 0.0000 0.0000 0.0000 0.0000 0.0000 0.0000 0.0000 0.0000 0.0000 0.0000
0.0615 0.2473 0.3623 0.2418 0.0745 0.0115 0.0011 0.0001 0.0000 0.0000 0.0000 0.0000 0.0000 0.0000 0.0000 0.0000 0.0000
0.0089 0.0765 0.2418 0.3491 0.2319 0.0762 0.0141 0.0014 0.0001 0.0000 0.0000 0.0000 0.0000 0.0000 0.0000 0.0000 0.0000
0.0007 0.0116 0.0745 0.2319 0.3400 0.2373 0.0866 0.0158 0.0016 0.0001 0.0000 0.0000 0.0000 0.0000 0.0000 0.0000 0.0000
0.0000 0.0009 0.0115 0.0762 0.2373 0.3367 0.2366 0.0829 0.0161 0.0017 0.0001 0.0000 0.0000 0.0000 0.0000 0.0000 0.0000
0.0000 0.0000 0.0011 0.0141 0.0866 0.2366 0.3265 0.2314 0.0864 0.0159 0.0013 0.0001 0.0000 0.0000 0.0000 0.0000 0.0000
0.0000 0.0000 0.0001 0.0014 0.0158 0.0829 0.2314 0.3353 0.2406 0.0802 0.0116 0.0008 0.0000 0.0000 0.0000 0.0000 0.0000
0.0000 0.0000 0.0000 0.0001 0.0016 0.0161 0.0864 0.2406 0.3474 0.2347 0.0649 0.0077 0.0004 0.0000 0.0000 0.0000 0.0000
0.0000 0.0000 0.0000 0.0000 0.0001 0.0017 0.0159 0.0802 0.2347 0.3707 0.2355 0.0558 0.0052 0.0001 0.0000 0.0000 0.0000
0.0000 0.0000 0.0000 0.0000 0.0000 0.0001 0.0013 0.0116 0.0649 0.2355 0.4024 0.2376 0.0447 0.0019 0.0000 0.0000 0.0000
0.0000 0.0000 0.0000 0.0000 0.0000 0.0000 0.0001 0.0008 0.0077 0.0558 0.2376 0.4386 0.2376 0.0216 0.0003 0.0000 0.0000
0.0000 0.0000 0.0000 0.0000 0.0000 0.0000 0.0000 0.0000 0.0004 0.0052 0.0447 0.2376 0.5033 0.2003 0.0085 0.0001 0.0000
0.0000 0.0000 0.0000 0.0000 0.0000 0.0000 0.0000 0.0000 0.0000 0.0001 0.0019 0.0216 0.2003 0.5969 0.1737 0.0055 0.0000
0.0000 0.0000 0.0000 0.0000 0.0000 0.0000 0.0000 0.0000 0.0000 0.0000 0.0000 0.0003 0.0085 0.1737 0.6362 0.1786 0.0027
0.0000 0.0000 0.0000 0.0000 0.0000 0.0000 0.0000 0.0000 0.0000 0.0000 0.0000 0.0000 0.0001 0.0055 0.1786 0.6845 0.1314
0.0000 0.0000 0.0000 0.0000 0.0000 0.0000 0.0000 0.0000 0.0000 0.0000 0.0000 0.0000 0.0000 0.0000 0.0027 0.1314 0.8659
#DG from neighbouring lambda in kcal/mol
0.0000 0.0625 -3.9569 0.0229
0.0625 0.1250 -5.0018 0.0183
0.1250 0.1875 -6.0280 0.0173
0.1875 0.2500 -7.1735 0.0177
0.2500 0.3125 -8.3853 0.0164
0.3125 0.3750 -9.5567 0.0158
0.3750 0.4375 -10.7311 0.0162
0.4375 0.5000 -11.8238 0.0159
0.5000 0.5625 -12.8675 0.0180
0.5625 0.6250 -13.9138 0.0200
0.6250 0.6875 -14.8074 0.0219
0.6875 0.7500 -15.4533 0.0251
0.7500 0.8125 -16.0185 0.0334
0.8125 0.8750 -16.6495 0.0399
0.8750 0.9375 -17.1618 0.0400
0.9375 1.0000 -17.2433 0.0511
#PMF from MBAR in kcal/mol
0.0000 0.0000 0.0000
0.0625 -3.9569 0.0229
0.1250 -8.9586 0.0358
0.1875 -14.9866 0.0447
0.2500 -22.1601 0.0523
0.3125 -30.5454 0.0585
0.3750 -40.1021 0.0636
0.4375 -50.8331 0.0686
0.5000 -62.6570 0.0730
0.5625 -75.5245 0.0778
0.6250 -89.4383 0.0831
0.6875 -104.2457 0.0886
0.7500 -119.6990 0.0949
0.8125 -135.7175 0.1038
0.8750 -152.3670 0.1146
0.9375 -169.5289 0.1247
1.0000 -186.7722 0.1379
#TI average gradients and standard deviation in kcal/mol
0.0000 -60.7448 13.7346
0.0625 -72.1784 14.8192
0.1250 -87.1077 12.2234
0.1875 -104.3704 10.9953
0.2500 -126.4188 12.1517
0.3125 -143.8613 11.1343
0.3750 -162.3032 11.3401
0.4375 -181.5337 11.0651
0.5000 -198.4569 12.0246
0.5625 -213.3246 12.9451
0.6250 -230.9898 15.0802
0.6875 -243.1048 16.0241
0.7500 -249.2261 17.2539
0.8125 -262.1987 20.1004
0.8750 -273.2520 22.1152
0.9375 -272.1060 25.7517
1.0000 -280.3803 27.0106
#PMF from TI in kcal/mol
0.0000 0.0000
0.0625 -4.1538
0.1250 -9.1315
0.1875 -15.1152
0.2500 -22.3274
0.3125 -30.7736
0.3750 -40.3413
0.4375 -51.0862
0.5000 -62.9609
0.5625 -75.8291
0.6250 -89.7139
0.6875 -104.5293
0.7500 -119.9147
0.8125 -135.8967
0.8750 -152.6296
0.9375 -169.6720
1.0000 -186.9372
#MBAR free energy difference in kcal/mol: 
-186.772176, 0.137878 
#TI free energy difference in kcal/mol: 
-186.937191  
