# Analysing data contained in file(s) ['/home/jguven/projects/metalloenzymes/starmap/outputs/with_min/SOMD_1/lig_1~lig_15/bound/lambda_0.0000/simfile.dat', '/home/jguven/projects/metalloenzymes/starmap/outputs/with_min/SOMD_1/lig_1~lig_15/bound/lambda_0.1000/simfile.dat', '/home/jguven/projects/metalloenzymes/starmap/outputs/with_min/SOMD_1/lig_1~lig_15/bound/lambda_0.2000/simfile.dat', '/home/jguven/projects/metalloenzymes/starmap/outputs/with_min/SOMD_1/lig_1~lig_15/bound/lambda_0.3000/simfile.dat', '/home/jguven/projects/metalloenzymes/starmap/outputs/with_min/SOMD_1/lig_1~lig_15/bound/lambda_0.4000/simfile.dat', '/home/jguven/projects/metalloenzymes/starmap/outputs/with_min/SOMD_1/lig_1~lig_15/bound/lambda_0.5000/simfile.dat', '/home/jguven/projects/metalloenzymes/starmap/outputs/with_min/SOMD_1/lig_1~lig_15/bound/lambda_0.6000/simfile.dat', '/home/jguven/projects/metalloenzymes/starmap/outputs/with_min/SOMD_1/lig_1~lig_15/bound/lambda_0.7000/simfile.dat', '/home/jguven/projects/metalloenzymes/starmap/outputs/with_min/SOMD_1/lig_1~lig_15/bound/lambda_0.8000/simfile.dat', '/home/jguven/projects/metalloenzymes/starmap/outputs/with_min/SOMD_1/lig_1~lig_15/bound/lambda_0.9000/simfile.dat', '/home/jguven/projects/metalloenzymes/starmap/outputs/with_min/SOMD_1/lig_1~lig_15/bound/lambda_1.0000/simfile.dat']
#Overlap matrix
0.7098 0.2599 0.0296 0.0007 0.0000 0.0000 0.0000 0.0000 0.0000 0.0000 0.0000
0.2599 0.4812 0.2343 0.0240 0.0006 0.0000 0.0000 0.0000 0.0000 0.0000 0.0000
0.0296 0.2343 0.4820 0.2272 0.0262 0.0007 0.0000 0.0000 0.0000 0.0000 0.0000
0.0007 0.0240 0.2272 0.4888 0.2320 0.0264 0.0008 0.0000 0.0000 0.0000 0.0000
0.0000 0.0006 0.0262 0.2320 0.4760 0.2351 0.0293 0.0008 0.0000 0.0000 0.0000
0.0000 0.0000 0.0007 0.0264 0.2351 0.4744 0.2363 0.0263 0.0007 0.0000 0.0000
0.0000 0.0000 0.0000 0.0008 0.0293 0.2363 0.4782 0.2283 0.0263 0.0008 0.0000
0.0000 0.0000 0.0000 0.0000 0.0008 0.0263 0.2283 0.4774 0.2371 0.0292 0.0009
0.0000 0.0000 0.0000 0.0000 0.0000 0.0007 0.0263 0.2371 0.4705 0.2364 0.0290
0.0000 0.0000 0.0000 0.0000 0.0000 0.0000 0.0008 0.0292 0.2364 0.4851 0.2485
0.0000 0.0000 0.0000 0.0000 0.0000 0.0000 0.0000 0.0009 0.0290 0.2485 0.7216
#DG from neighbouring lambda in kcal/mol
0.0000 0.1000 10.8379 0.0265
0.1000 0.2000 10.9772 0.0268
0.2000 0.3000 10.9795 0.0279
0.3000 0.4000 11.0261 0.0271
0.4000 0.5000 11.0862 0.0265
0.5000 0.6000 11.2092 0.0263
0.6000 0.7000 11.2611 0.0275
0.7000 0.8000 11.3197 0.0263
0.8000 0.9000 11.4569 0.0262
0.9000 1.0000 11.5860 0.0278
#PMF from MBAR in kcal/mol
0.0000 0.0000 0.0000
0.1000 10.8379 0.0265
0.2000 21.8151 0.0449
0.3000 32.7946 0.0588
0.4000 43.8207 0.0695
0.5000 54.9069 0.0786
0.6000 66.1162 0.0865
0.7000 77.3773 0.0943
0.8000 88.6970 0.1011
0.9000 100.1539 0.1074
1.0000 111.7399 0.1137
#TI average gradients and standard deviation in kcal/mol
0.0000 108.4137 10.3348
0.1000 108.8641 10.5911
0.2000 110.6009 10.7114
0.3000 110.7063 10.2231
0.4000 109.6911 10.3225
0.5000 111.2376 10.3630
0.6000 112.7868 10.5574
0.7000 112.5791 10.3489
0.8000 113.5030 10.2431
0.9000 115.9404 10.3789
1.0000 115.9472 10.2877
#PMF from TI in kcal/mol
0.0000 0.0000
0.1000 10.8639
0.2000 21.8371
0.3000 32.9025
0.4000 43.9224
0.5000 54.9688
0.6000 66.1700
0.7000 77.4383
0.8000 88.7424
0.9000 100.2146
1.0000 111.8090
#MBAR free energy difference in kcal/mol: 
111.739895, 0.113688 
#TI free energy difference in kcal/mol: 
111.808987  
