# Analysing data contained in file(s) ['/home/jguven/projects/metalloenzymes/starmap/outputs/with_min/SOMD_2/lig_1~lig_7/bound/lambda_0.0000/simfile.dat', '/home/jguven/projects/metalloenzymes/starmap/outputs/with_min/SOMD_2/lig_1~lig_7/bound/lambda_0.1000/simfile.dat', '/home/jguven/projects/metalloenzymes/starmap/outputs/with_min/SOMD_2/lig_1~lig_7/bound/lambda_0.2000/simfile.dat', '/home/jguven/projects/metalloenzymes/starmap/outputs/with_min/SOMD_2/lig_1~lig_7/bound/lambda_0.3000/simfile.dat', '/home/jguven/projects/metalloenzymes/starmap/outputs/with_min/SOMD_2/lig_1~lig_7/bound/lambda_0.4000/simfile.dat', '/home/jguven/projects/metalloenzymes/starmap/outputs/with_min/SOMD_2/lig_1~lig_7/bound/lambda_0.5000/simfile.dat', '/home/jguven/projects/metalloenzymes/starmap/outputs/with_min/SOMD_2/lig_1~lig_7/bound/lambda_0.6000/simfile.dat', '/home/jguven/projects/metalloenzymes/starmap/outputs/with_min/SOMD_2/lig_1~lig_7/bound/lambda_0.7000/simfile.dat', '/home/jguven/projects/metalloenzymes/starmap/outputs/with_min/SOMD_2/lig_1~lig_7/bound/lambda_0.8000/simfile.dat', '/home/jguven/projects/metalloenzymes/starmap/outputs/with_min/SOMD_2/lig_1~lig_7/bound/lambda_0.9000/simfile.dat', '/home/jguven/projects/metalloenzymes/starmap/outputs/with_min/SOMD_2/lig_1~lig_7/bound/lambda_1.0000/simfile.dat']
#Overlap matrix
0.7708 0.2149 0.0141 0.0002 0.0000 0.0000 0.0000 0.0000 0.0000 0.0000 0.0000
0.2149 0.5893 0.1881 0.0075 0.0002 0.0000 0.0000 0.0000 0.0000 0.0000 0.0000
0.0141 0.1881 0.5960 0.1885 0.0126 0.0006 0.0001 0.0000 0.0000 0.0000 0.0000
0.0002 0.0075 0.1885 0.6170 0.1777 0.0083 0.0007 0.0001 0.0000 0.0000 0.0000
0.0000 0.0002 0.0126 0.1777 0.6739 0.1270 0.0079 0.0007 0.0001 0.0000 0.0000
0.0000 0.0000 0.0006 0.0083 0.1270 0.7030 0.1556 0.0054 0.0002 0.0000 0.0000
0.0000 0.0000 0.0001 0.0007 0.0079 0.1556 0.7481 0.0866 0.0011 0.0000 0.0000
0.0000 0.0000 0.0000 0.0001 0.0007 0.0054 0.0866 0.8196 0.0869 0.0007 0.0000
0.0000 0.0000 0.0000 0.0000 0.0001 0.0002 0.0011 0.0869 0.8203 0.0906 0.0009
0.0000 0.0000 0.0000 0.0000 0.0000 0.0000 0.0000 0.0007 0.0906 0.7959 0.1128
0.0000 0.0000 0.0000 0.0000 0.0000 0.0000 0.0000 0.0000 0.0009 0.1128 0.8863
#DG from neighbouring lambda in kcal/mol
0.0000 0.1000 8.7664 0.0348
0.1000 0.2000 7.9246 0.0376
0.2000 0.3000 6.2310 0.0377
0.3000 0.4000 5.3536 0.0393
0.4000 0.5000 4.9963 0.0500
0.5000 0.6000 4.6901 0.0445
0.6000 0.7000 5.2845 0.0663
0.7000 0.8000 4.9855 0.0686
0.8000 0.9000 4.2449 0.0671
0.9000 1.0000 3.1690 0.0588
#PMF from MBAR in kcal/mol
0.0000 0.0000 0.0000
0.1000 8.7664 0.0348
0.2000 16.6910 0.0578
0.3000 22.9220 0.0749
0.4000 28.2756 0.0886
0.5000 33.2719 0.1050
0.6000 37.9620 0.1167
0.7000 43.2465 0.1363
0.8000 48.2320 0.1553
0.9000 52.4769 0.1718
1.0000 55.6460 0.1842
#TI average gradients and standard deviation in kcal/mol
0.0000 82.9122 13.9395
0.1000 85.5251 13.0422
0.2000 70.0329 13.7223
0.3000 57.1170 12.0313
0.4000 52.8705 14.6696
0.5000 48.9277 17.3726
0.6000 51.4178 17.3728
0.7000 49.3185 19.2686
0.8000 47.9586 20.0270
0.9000 38.2947 20.1368
1.0000 27.5045 17.6264
#PMF from TI in kcal/mol
0.0000 0.0000
0.1000 8.4219
0.2000 16.1998
0.3000 22.5573
0.4000 28.0566
0.5000 33.1465
0.6000 38.1638
0.7000 43.2006
0.8000 48.0645
0.9000 52.3772
1.0000 55.6671
#MBAR free energy difference in kcal/mol: 
55.645964, 0.184154 
#TI free energy difference in kcal/mol: 
55.667121  
