# Analysing data contained in file(s) ['/home/jguven/projects/metalloenzymes/starmap/outputs/with_min/SOMD_3/lig_1~lig_2/unbound/lambda_0.0000/simfile.dat', '/home/jguven/projects/metalloenzymes/starmap/outputs/with_min/SOMD_3/lig_1~lig_2/unbound/lambda_0.1000/simfile.dat', '/home/jguven/projects/metalloenzymes/starmap/outputs/with_min/SOMD_3/lig_1~lig_2/unbound/lambda_0.2000/simfile.dat', '/home/jguven/projects/metalloenzymes/starmap/outputs/with_min/SOMD_3/lig_1~lig_2/unbound/lambda_0.3000/simfile.dat', '/home/jguven/projects/metalloenzymes/starmap/outputs/with_min/SOMD_3/lig_1~lig_2/unbound/lambda_0.4000/simfile.dat', '/home/jguven/projects/metalloenzymes/starmap/outputs/with_min/SOMD_3/lig_1~lig_2/unbound/lambda_0.5000/simfile.dat', '/home/jguven/projects/metalloenzymes/starmap/outputs/with_min/SOMD_3/lig_1~lig_2/unbound/lambda_0.6000/simfile.dat', '/home/jguven/projects/metalloenzymes/starmap/outputs/with_min/SOMD_3/lig_1~lig_2/unbound/lambda_0.7000/simfile.dat', '/home/jguven/projects/metalloenzymes/starmap/outputs/with_min/SOMD_3/lig_1~lig_2/unbound/lambda_0.8000/simfile.dat', '/home/jguven/projects/metalloenzymes/starmap/outputs/with_min/SOMD_3/lig_1~lig_2/unbound/lambda_0.9000/simfile.dat', '/home/jguven/projects/metalloenzymes/starmap/outputs/with_min/SOMD_3/lig_1~lig_2/unbound/lambda_1.0000/simfile.dat']
#Overlap matrix
0.8642 0.1317 0.0040 0.0001 0.0000 0.0000 0.0000 0.0000 0.0000 0.0000 0.0000
0.1317 0.6579 0.1912 0.0182 0.0010 0.0000 0.0000 0.0000 0.0000 0.0000 0.0000
0.0040 0.1912 0.5440 0.2231 0.0352 0.0025 0.0001 0.0000 0.0000 0.0000 0.0000
0.0001 0.0182 0.2231 0.4656 0.2455 0.0446 0.0028 0.0001 0.0000 0.0000 0.0000
0.0000 0.0010 0.0352 0.2455 0.4348 0.2363 0.0438 0.0033 0.0001 0.0000 0.0000
0.0000 0.0000 0.0025 0.0446 0.2363 0.4172 0.2430 0.0524 0.0040 0.0001 0.0000
0.0000 0.0000 0.0001 0.0028 0.0438 0.2430 0.4104 0.2458 0.0513 0.0029 0.0000
0.0000 0.0000 0.0000 0.0001 0.0033 0.0524 0.2458 0.4139 0.2431 0.0396 0.0018
0.0000 0.0000 0.0000 0.0000 0.0001 0.0040 0.0513 0.2431 0.4351 0.2324 0.0339
0.0000 0.0000 0.0000 0.0000 0.0000 0.0001 0.0029 0.0396 0.2324 0.4714 0.2536
0.0000 0.0000 0.0000 0.0000 0.0000 0.0000 0.0000 0.0018 0.0339 0.2536 0.7107
#DG from neighbouring lambda in kcal/mol
0.0000 0.1000 41.1657 0.0461
0.1000 0.2000 38.1081 0.0327
0.2000 0.3000 34.8154 0.0256
0.3000 0.4000 31.0841 0.0212
0.4000 0.5000 27.0454 0.0212
0.5000 0.6000 22.8059 0.0200
0.6000 0.7000 18.6113 0.0193
0.7000 0.8000 14.4364 0.0205
0.8000 0.9000 10.2117 0.0229
0.9000 1.0000 6.1378 0.0244
#PMF from MBAR in kcal/mol
0.0000 0.0000 0.0000
0.1000 41.1657 0.0461
0.2000 79.2738 0.0622
0.3000 114.0892 0.0712
0.4000 145.1733 0.0774
0.5000 172.2187 0.0830
0.6000 195.0247 0.0880
0.7000 213.6359 0.0924
0.8000 228.0724 0.0969
0.9000 238.2841 0.1020
1.0000 244.4219 0.1072
#TI average gradients and standard deviation in kcal/mol
0.0000 424.6003 17.8929
0.1000 397.3197 15.0162
0.2000 365.8718 11.8789
0.3000 330.0941 10.4069
0.4000 291.1939 9.1987
0.5000 249.2524 9.0745
0.6000 207.0624 8.9223
0.7000 165.3842 9.0926
0.8000 123.1339 9.3884
0.9000 81.4826 9.8386
1.0000 43.5179 11.1699
#PMF from TI in kcal/mol
0.0000 0.0000
0.1000 41.0960
0.2000 79.2556
0.3000 114.0539
0.4000 145.1183
0.5000 172.1406
0.6000 194.9563
0.7000 213.5786
0.8000 228.0045
0.9000 238.2354
1.0000 244.4854
#MBAR free energy difference in kcal/mol: 
244.421934, 0.107216 
#TI free energy difference in kcal/mol: 
244.485402  
