# Analysing data contained in file(s) ['/home/jguven/projects/metalloenzymes/starmap/outputs/with_min/SOMD_1/lig_1~lig_7/bound/lambda_0.0000/simfile.dat', '/home/jguven/projects/metalloenzymes/starmap/outputs/with_min/SOMD_1/lig_1~lig_7/bound/lambda_0.1000/simfile.dat', '/home/jguven/projects/metalloenzymes/starmap/outputs/with_min/SOMD_1/lig_1~lig_7/bound/lambda_0.2000/simfile.dat', '/home/jguven/projects/metalloenzymes/starmap/outputs/with_min/SOMD_1/lig_1~lig_7/bound/lambda_0.3000/simfile.dat', '/home/jguven/projects/metalloenzymes/starmap/outputs/with_min/SOMD_1/lig_1~lig_7/bound/lambda_0.4000/simfile.dat', '/home/jguven/projects/metalloenzymes/starmap/outputs/with_min/SOMD_1/lig_1~lig_7/bound/lambda_0.5000/simfile.dat', '/home/jguven/projects/metalloenzymes/starmap/outputs/with_min/SOMD_1/lig_1~lig_7/bound/lambda_0.6000/simfile.dat', '/home/jguven/projects/metalloenzymes/starmap/outputs/with_min/SOMD_1/lig_1~lig_7/bound/lambda_0.7000/simfile.dat', '/home/jguven/projects/metalloenzymes/starmap/outputs/with_min/SOMD_1/lig_1~lig_7/bound/lambda_0.8000/simfile.dat', '/home/jguven/projects/metalloenzymes/starmap/outputs/with_min/SOMD_1/lig_1~lig_7/bound/lambda_0.9000/simfile.dat', '/home/jguven/projects/metalloenzymes/starmap/outputs/with_min/SOMD_1/lig_1~lig_7/bound/lambda_1.0000/simfile.dat']
#Overlap matrix
0.7826 0.2047 0.0125 0.0002 0.0000 0.0000 0.0000 0.0000 0.0000 0.0000 0.0000
0.2047 0.5925 0.1940 0.0086 0.0002 0.0000 0.0000 0.0000 0.0000 0.0000 0.0000
0.0125 0.1940 0.5936 0.1869 0.0120 0.0007 0.0001 0.0000 0.0000 0.0000 0.0000
0.0002 0.0086 0.1869 0.6131 0.1808 0.0094 0.0008 0.0002 0.0001 0.0000 0.0000
0.0000 0.0002 0.0120 0.1808 0.6848 0.1136 0.0074 0.0009 0.0001 0.0000 0.0000
0.0000 0.0000 0.0007 0.0094 0.1136 0.7078 0.1601 0.0080 0.0003 0.0000 0.0000
0.0000 0.0000 0.0001 0.0008 0.0074 0.1601 0.7292 0.1008 0.0016 0.0000 0.0000
0.0000 0.0000 0.0000 0.0002 0.0009 0.0080 0.1008 0.8075 0.0818 0.0007 0.0000
0.0000 0.0000 0.0000 0.0001 0.0001 0.0003 0.0016 0.0818 0.8080 0.1063 0.0017
0.0000 0.0000 0.0000 0.0000 0.0000 0.0000 0.0000 0.0007 0.1063 0.7693 0.1238
0.0000 0.0000 0.0000 0.0000 0.0000 0.0000 0.0000 0.0000 0.0017 0.1238 0.8745
#DG from neighbouring lambda in kcal/mol
0.0000 0.1000 8.7379 0.0318
0.1000 0.2000 7.8581 0.0321
0.2000 0.3000 6.2112 0.0330
0.3000 0.4000 5.2698 0.0337
0.4000 0.5000 5.1072 0.0464
0.5000 0.6000 4.5655 0.0376
0.6000 0.7000 5.1809 0.0519
0.7000 0.8000 5.1393 0.0616
0.8000 0.9000 3.9807 0.0527
0.9000 1.0000 3.1796 0.0480
#PMF from MBAR in kcal/mol
0.0000 0.0000 0.0000
0.1000 8.7379 0.0318
0.2000 16.5959 0.0510
0.3000 22.8072 0.0657
0.4000 28.0770 0.0774
0.5000 33.1841 0.0927
0.6000 37.7496 0.1023
0.7000 42.9305 0.1162
0.8000 48.0698 0.1337
0.9000 52.0506 0.1461
1.0000 55.2302 0.1560
#TI average gradients and standard deviation in kcal/mol
0.0000 83.9983 13.5139
0.1000 82.3482 15.8222
0.2000 72.3253 14.8741
0.3000 56.2245 12.4670
0.4000 51.8729 15.0418
0.5000 44.9344 15.5495
0.6000 50.5090 16.7549
0.7000 56.0676 20.6937
0.8000 44.2588 21.3587
0.9000 39.8810 20.9847
1.0000 32.2857 20.5572
#PMF from TI in kcal/mol
0.0000 0.0000
0.1000 8.3173
0.2000 16.0510
0.3000 22.4785
0.4000 27.8834
0.5000 32.7237
0.6000 37.4959
0.7000 42.8247
0.8000 47.8410
0.9000 52.0480
1.0000 55.6564
#MBAR free energy difference in kcal/mol: 
55.230173, 0.156016 
#TI free energy difference in kcal/mol: 
55.656360  
