# Analysing data contained in file(s) ['/home/jguven/projects/metalloenzymes/kpc2/outputs/SOMD/lig_16~lig_9/bound/lambda_0.0000/simfile.dat', '/home/jguven/projects/metalloenzymes/kpc2/outputs/SOMD/lig_16~lig_9/bound/lambda_0.1000/simfile.dat', '/home/jguven/projects/metalloenzymes/kpc2/outputs/SOMD/lig_16~lig_9/bound/lambda_0.2000/simfile.dat', '/home/jguven/projects/metalloenzymes/kpc2/outputs/SOMD/lig_16~lig_9/bound/lambda_0.3000/simfile.dat', '/home/jguven/projects/metalloenzymes/kpc2/outputs/SOMD/lig_16~lig_9/bound/lambda_0.4000/simfile.dat', '/home/jguven/projects/metalloenzymes/kpc2/outputs/SOMD/lig_16~lig_9/bound/lambda_0.5000/simfile.dat', '/home/jguven/projects/metalloenzymes/kpc2/outputs/SOMD/lig_16~lig_9/bound/lambda_0.6000/simfile.dat', '/home/jguven/projects/metalloenzymes/kpc2/outputs/SOMD/lig_16~lig_9/bound/lambda_0.7000/simfile.dat', '/home/jguven/projects/metalloenzymes/kpc2/outputs/SOMD/lig_16~lig_9/bound/lambda_0.8000/simfile.dat', '/home/jguven/projects/metalloenzymes/kpc2/outputs/SOMD/lig_16~lig_9/bound/lambda_0.9000/simfile.dat', '/home/jguven/projects/metalloenzymes/kpc2/outputs/SOMD/lig_16~lig_9/bound/lambda_1.0000/simfile.dat']
#Overlap matrix
0.9161 0.0822 0.0016 0.0000 0.0000 0.0000 0.0000 0.0000 0.0000 0.0000 0.0000
0.0822 0.7666 0.1481 0.0028 0.0001 0.0000 0.0000 0.0000 0.0000 0.0001 0.0002
0.0016 0.1481 0.7015 0.1388 0.0063 0.0003 0.0000 0.0001 0.0007 0.0015 0.0011
0.0000 0.0028 0.1388 0.6790 0.1694 0.0055 0.0001 0.0003 0.0021 0.0015 0.0004
0.0000 0.0001 0.0063 0.1694 0.7494 0.0701 0.0005 0.0012 0.0025 0.0005 0.0001
0.0000 0.0000 0.0003 0.0055 0.0701 0.8018 0.1055 0.0148 0.0018 0.0001 0.0000
0.0000 0.0000 0.0000 0.0001 0.0005 0.1055 0.8195 0.0741 0.0005 0.0000 0.0000
0.0000 0.0000 0.0001 0.0003 0.0012 0.0148 0.0741 0.8492 0.0597 0.0006 0.0000
0.0000 0.0000 0.0007 0.0021 0.0025 0.0018 0.0005 0.0597 0.8288 0.1016 0.0023
0.0000 0.0001 0.0015 0.0015 0.0005 0.0001 0.0000 0.0006 0.1016 0.7526 0.1413
0.0000 0.0002 0.0011 0.0004 0.0001 0.0000 0.0000 0.0000 0.0023 0.1413 0.8547
#DG from neighbouring lambda in kcal/mol
0.0000 0.1000 -2.1092 0.0649
0.1000 0.2000 -0.2814 0.0439
0.2000 0.3000 -0.7687 0.0443
0.3000 0.4000 -1.1924 0.0378
0.4000 0.5000 -1.3237 0.0645
0.5000 0.6000 -2.4218 0.0505
0.6000 0.7000 1.2239 0.0602
0.7000 0.8000 1.6324 0.0722
0.8000 0.9000 0.9469 0.0552
0.9000 1.0000 0.6348 0.0456
#PMF from MBAR in kcal/mol
0.0000 0.0000 0.0000
0.1000 -2.1092 0.0649
0.2000 -2.3906 0.0829
0.3000 -3.1593 0.0979
0.4000 -4.3517 0.1076
0.5000 -5.6754 0.1257
0.6000 -8.0972 0.1356
0.7000 -6.8733 0.1416
0.8000 -5.2409 0.1504
0.9000 -4.2940 0.1582
1.0000 -3.6592 0.1657
#TI average gradients and standard deviation in kcal/mol
0.0000 -36.6437 18.5192
0.1000 -10.4800 11.8564
0.2000 -0.7001 18.1783
0.3000 -11.4352 16.6889
0.4000 -10.0273 19.3108
0.5000 -23.7890 25.3814
0.6000 -2.9250 15.4007
0.7000 21.0639 23.5338
0.8000 9.7538 17.5754
0.9000 5.2422 13.8041
1.0000 19.8537 12.8908
#PMF from TI in kcal/mol
0.0000 0.0000
0.1000 -2.3562
0.2000 -2.9152
0.3000 -3.5220
0.4000 -4.5951
0.5000 -6.2859
0.6000 -7.6216
0.7000 -6.7146
0.8000 -5.1738
0.9000 -4.4239
1.0000 -3.1692
#MBAR free energy difference in kcal/mol: 
-3.659169, 0.165681 
#TI free energy difference in kcal/mol: 
-3.169156  #WARNING SUBSAMPLING GRADIENTS RESULTED IN LESS THAN 50 SAMPLES, CONSIDER RERUN WITHOUT SUBSAMPLE OPTION 
