# Analysing data contained in file(s) ['/home/jguven/projects/metalloenzymes/starmap/outputs/with_min/SOMD_1/lig_1~lig_11/bound/lambda_0.0000/simfile.dat', '/home/jguven/projects/metalloenzymes/starmap/outputs/with_min/SOMD_1/lig_1~lig_11/bound/lambda_0.1000/simfile.dat', '/home/jguven/projects/metalloenzymes/starmap/outputs/with_min/SOMD_1/lig_1~lig_11/bound/lambda_0.2000/simfile.dat', '/home/jguven/projects/metalloenzymes/starmap/outputs/with_min/SOMD_1/lig_1~lig_11/bound/lambda_0.3000/simfile.dat', '/home/jguven/projects/metalloenzymes/starmap/outputs/with_min/SOMD_1/lig_1~lig_11/bound/lambda_0.4000/simfile.dat', '/home/jguven/projects/metalloenzymes/starmap/outputs/with_min/SOMD_1/lig_1~lig_11/bound/lambda_0.5000/simfile.dat', '/home/jguven/projects/metalloenzymes/starmap/outputs/with_min/SOMD_1/lig_1~lig_11/bound/lambda_0.6000/simfile.dat', '/home/jguven/projects/metalloenzymes/starmap/outputs/with_min/SOMD_1/lig_1~lig_11/bound/lambda_0.7000/simfile.dat', '/home/jguven/projects/metalloenzymes/starmap/outputs/with_min/SOMD_1/lig_1~lig_11/bound/lambda_0.8000/simfile.dat', '/home/jguven/projects/metalloenzymes/starmap/outputs/with_min/SOMD_1/lig_1~lig_11/bound/lambda_0.9000/simfile.dat', '/home/jguven/projects/metalloenzymes/starmap/outputs/with_min/SOMD_1/lig_1~lig_11/bound/lambda_1.0000/simfile.dat']
#Overlap matrix
0.4985 0.2970 0.1385 0.0496 0.0133 0.0026 0.0004 0.0000 0.0000 0.0000 0.0000
0.2970 0.2965 0.2208 0.1210 0.0481 0.0136 0.0027 0.0004 0.0000 0.0000 0.0000
0.1385 0.2208 0.2525 0.2057 0.1184 0.0477 0.0135 0.0026 0.0003 0.0000 0.0000
0.0496 0.1210 0.2057 0.2431 0.2010 0.1168 0.0477 0.0128 0.0021 0.0002 0.0000
0.0133 0.0481 0.1184 0.2010 0.2402 0.2027 0.1198 0.0456 0.0098 0.0010 0.0000
0.0026 0.0136 0.0477 0.1168 0.2027 0.2488 0.2134 0.1171 0.0334 0.0038 0.0001
0.0004 0.0027 0.0135 0.0477 0.1198 0.2134 0.2716 0.2272 0.0917 0.0119 0.0002
0.0000 0.0004 0.0026 0.0128 0.0456 0.1171 0.2272 0.3229 0.2298 0.0409 0.0007
0.0000 0.0000 0.0003 0.0021 0.0098 0.0334 0.0917 0.2298 0.4318 0.1944 0.0066
0.0000 0.0000 0.0000 0.0002 0.0010 0.0038 0.0119 0.0409 0.1944 0.6169 0.1309
0.0000 0.0000 0.0000 0.0000 0.0000 0.0001 0.0002 0.0007 0.0066 0.1309 0.8615
#DG from neighbouring lambda in kcal/mol
0.0000 0.1000 5.3793 0.0129
0.1000 0.2000 5.2558 0.0113
0.2000 0.3000 5.0892 0.0107
0.3000 0.4000 4.9018 0.0107
0.4000 0.5000 4.6821 0.0107
0.5000 0.6000 4.4875 0.0109
0.6000 0.7000 4.4590 0.0130
0.7000 0.8000 4.8618 0.0192
0.8000 0.9000 5.8999 0.0325
0.9000 1.0000 7.8125 0.0528
#PMF from MBAR in kcal/mol
0.0000 0.0000 0.0000
0.1000 5.3793 0.0129
0.2000 10.6351 0.0224
0.3000 15.7243 0.0296
0.4000 20.6261 0.0354
0.5000 25.3083 0.0405
0.6000 29.7957 0.0451
0.7000 34.2547 0.0498
0.8000 39.1166 0.0564
0.9000 45.0164 0.0689
1.0000 52.8289 0.0916
#TI average gradients and standard deviation in kcal/mol
0.0000 51.4257 5.2983
0.1000 52.5592 5.4809
0.2000 52.0924 5.2667
0.3000 50.5613 5.2324
0.4000 48.0664 5.1430
0.5000 45.4192 5.4446
0.6000 44.7258 5.3687
0.7000 45.2296 6.6614
0.8000 52.0505 10.4062
0.9000 66.4728 14.7534
1.0000 92.9564 18.7713
#PMF from TI in kcal/mol
0.0000 0.0000
0.1000 5.1992
0.2000 10.4318
0.3000 15.5645
0.4000 20.4959
0.5000 25.1702
0.6000 29.6774
0.7000 34.1752
0.8000 39.0392
0.9000 44.9654
1.0000 52.9368
#MBAR free energy difference in kcal/mol: 
52.828918, 0.091554 
#TI free energy difference in kcal/mol: 
52.936844  
