# Analysing data contained in file(s) ['/home/jguven/projects/metalloenzymes/starmap/outputs/with_min/SOMD_1/lig_1~lig_10/unbound/lambda_0.0000/simfile.dat', '/home/jguven/projects/metalloenzymes/starmap/outputs/with_min/SOMD_1/lig_1~lig_10/unbound/lambda_0.1000/simfile.dat', '/home/jguven/projects/metalloenzymes/starmap/outputs/with_min/SOMD_1/lig_1~lig_10/unbound/lambda_0.2000/simfile.dat', '/home/jguven/projects/metalloenzymes/starmap/outputs/with_min/SOMD_1/lig_1~lig_10/unbound/lambda_0.3000/simfile.dat', '/home/jguven/projects/metalloenzymes/starmap/outputs/with_min/SOMD_1/lig_1~lig_10/unbound/lambda_0.4000/simfile.dat', '/home/jguven/projects/metalloenzymes/starmap/outputs/with_min/SOMD_1/lig_1~lig_10/unbound/lambda_0.5000/simfile.dat', '/home/jguven/projects/metalloenzymes/starmap/outputs/with_min/SOMD_1/lig_1~lig_10/unbound/lambda_0.6000/simfile.dat', '/home/jguven/projects/metalloenzymes/starmap/outputs/with_min/SOMD_1/lig_1~lig_10/unbound/lambda_0.7000/simfile.dat', '/home/jguven/projects/metalloenzymes/starmap/outputs/with_min/SOMD_1/lig_1~lig_10/unbound/lambda_0.8000/simfile.dat', '/home/jguven/projects/metalloenzymes/starmap/outputs/with_min/SOMD_1/lig_1~lig_10/unbound/lambda_0.9000/simfile.dat', '/home/jguven/projects/metalloenzymes/starmap/outputs/with_min/SOMD_1/lig_1~lig_10/unbound/lambda_1.0000/simfile.dat']
#Overlap matrix
0.6516 0.2847 0.0589 0.0047 0.0001 0.0000 0.0000 0.0000 0.0000 0.0000 0.0000
0.2847 0.4130 0.2451 0.0527 0.0044 0.0001 0.0000 0.0000 0.0000 0.0000 0.0000
0.0589 0.2451 0.3966 0.2398 0.0549 0.0045 0.0001 0.0000 0.0000 0.0000 0.0000
0.0047 0.0527 0.2398 0.4016 0.2456 0.0520 0.0037 0.0001 0.0000 0.0000 0.0000
0.0001 0.0044 0.0549 0.2456 0.4114 0.2389 0.0420 0.0027 0.0001 0.0000 0.0000
0.0000 0.0001 0.0045 0.0520 0.2389 0.4371 0.2313 0.0346 0.0015 0.0000 0.0000
0.0000 0.0000 0.0001 0.0037 0.0420 0.2313 0.4791 0.2204 0.0228 0.0006 0.0000
0.0000 0.0000 0.0000 0.0001 0.0027 0.0346 0.2204 0.5216 0.2080 0.0126 0.0001
0.0000 0.0000 0.0000 0.0000 0.0001 0.0015 0.0228 0.2080 0.5873 0.1767 0.0037
0.0000 0.0000 0.0000 0.0000 0.0000 0.0000 0.0006 0.0126 0.1767 0.6864 0.1237
0.0000 0.0000 0.0000 0.0000 0.0000 0.0000 0.0000 0.0001 0.0037 0.1237 0.8725
#DG from neighbouring lambda in kcal/mol
0.0000 0.1000 9.8240 0.0181
0.1000 0.2000 9.2368 0.0175
0.2000 0.3000 8.5796 0.0179
0.3000 0.4000 7.9628 0.0176
0.4000 0.5000 7.4227 0.0190
0.5000 0.6000 6.9254 0.0209
0.6000 0.7000 6.5411 0.0235
0.7000 0.8000 6.3938 0.0268
0.8000 0.9000 6.9097 0.0329
0.9000 1.0000 9.0455 0.0445
#PMF from MBAR in kcal/mol
0.0000 0.0000 0.0000
0.1000 9.8240 0.0181
0.2000 19.0608 0.0309
0.3000 27.6404 0.0406
0.4000 35.6032 0.0481
0.5000 43.0259 0.0551
0.6000 49.9514 0.0622
0.7000 56.4925 0.0694
0.8000 62.8863 0.0773
0.9000 69.7960 0.0869
1.0000 78.8414 0.1005
#TI average gradients and standard deviation in kcal/mol
0.0000 96.5705 8.7534
0.1000 95.0527 8.5007
0.2000 89.1941 8.7309
0.3000 82.5715 8.6703
0.4000 76.5514 8.9784
0.5000 71.4691 9.7123
0.6000 67.0923 10.7083
0.7000 63.8616 11.5673
0.8000 64.8204 12.9742
0.9000 76.3275 15.6884
1.0000 108.4942 20.4336
#PMF from TI in kcal/mol
0.0000 0.0000
0.1000 9.5812
0.2000 18.7935
0.3000 27.3818
0.4000 35.3379
0.5000 42.7389
0.6000 49.6670
0.7000 56.2147
0.8000 62.6488
0.9000 69.7062
1.0000 78.9473
#MBAR free energy difference in kcal/mol: 
78.841404, 0.100535 
#TI free energy difference in kcal/mol: 
78.947275  
