# Analysing data contained in file(s) ['/home/jguven/projects/metalloenzymes/starmap/outputs/with_min/SOMD_3/lig_1~lig_12/bound/lambda_0.0000/simfile.dat', '/home/jguven/projects/metalloenzymes/starmap/outputs/with_min/SOMD_3/lig_1~lig_12/bound/lambda_0.1000/simfile.dat', '/home/jguven/projects/metalloenzymes/starmap/outputs/with_min/SOMD_3/lig_1~lig_12/bound/lambda_0.2000/simfile.dat', '/home/jguven/projects/metalloenzymes/starmap/outputs/with_min/SOMD_3/lig_1~lig_12/bound/lambda_0.3000/simfile.dat', '/home/jguven/projects/metalloenzymes/starmap/outputs/with_min/SOMD_3/lig_1~lig_12/bound/lambda_0.4000/simfile.dat', '/home/jguven/projects/metalloenzymes/starmap/outputs/with_min/SOMD_3/lig_1~lig_12/bound/lambda_0.5000/simfile.dat', '/home/jguven/projects/metalloenzymes/starmap/outputs/with_min/SOMD_3/lig_1~lig_12/bound/lambda_0.6000/simfile.dat', '/home/jguven/projects/metalloenzymes/starmap/outputs/with_min/SOMD_3/lig_1~lig_12/bound/lambda_0.7000/simfile.dat', '/home/jguven/projects/metalloenzymes/starmap/outputs/with_min/SOMD_3/lig_1~lig_12/bound/lambda_0.8000/simfile.dat', '/home/jguven/projects/metalloenzymes/starmap/outputs/with_min/SOMD_3/lig_1~lig_12/bound/lambda_0.9000/simfile.dat', '/home/jguven/projects/metalloenzymes/starmap/outputs/with_min/SOMD_3/lig_1~lig_12/bound/lambda_1.0000/simfile.dat']
#Overlap matrix
0.5726 0.2996 0.1027 0.0220 0.0028 0.0002 0.0000 0.0000 0.0000 0.0000 0.0000
0.2996 0.3424 0.2367 0.0954 0.0224 0.0032 0.0003 0.0000 0.0000 0.0000 0.0000
0.1027 0.2367 0.3095 0.2288 0.0957 0.0230 0.0033 0.0003 0.0000 0.0000 0.0000
0.0220 0.0954 0.2288 0.3065 0.2297 0.0941 0.0209 0.0024 0.0001 0.0000 0.0000
0.0028 0.0224 0.0957 0.2297 0.3208 0.2355 0.0791 0.0127 0.0011 0.0001 0.0000
0.0002 0.0032 0.0230 0.0941 0.2355 0.3551 0.2268 0.0546 0.0067 0.0006 0.0000
0.0000 0.0003 0.0033 0.0209 0.0791 0.2268 0.4026 0.2202 0.0424 0.0043 0.0001
0.0000 0.0000 0.0003 0.0024 0.0127 0.0546 0.2202 0.4501 0.2288 0.0301 0.0009
0.0000 0.0000 0.0000 0.0001 0.0011 0.0067 0.0424 0.2288 0.5155 0.1966 0.0088
0.0000 0.0000 0.0000 0.0000 0.0001 0.0006 0.0043 0.0301 0.1966 0.6113 0.1571
0.0000 0.0000 0.0000 0.0000 0.0000 0.0000 0.0001 0.0009 0.0088 0.1571 0.8331
#DG from neighbouring lambda in kcal/mol
0.0000 0.1000 2.6501 0.0163
0.1000 0.2000 2.4971 0.0149
0.2000 0.3000 2.3201 0.0145
0.3000 0.4000 2.1872 0.0146
0.4000 0.5000 2.1840 0.0156
0.5000 0.6000 2.2897 0.0193
0.6000 0.7000 2.3704 0.0234
0.7000 0.8000 2.5905 0.0255
0.8000 0.9000 3.2740 0.0331
0.9000 1.0000 4.1655 0.0444
#PMF from MBAR in kcal/mol
0.0000 0.0000 0.0000
0.1000 2.6501 0.0163
0.2000 5.1472 0.0281
0.3000 7.4673 0.0369
0.4000 9.6545 0.0439
0.5000 11.8385 0.0502
0.6000 14.1282 0.0570
0.7000 16.4986 0.0651
0.8000 19.0891 0.0733
0.9000 22.3631 0.0836
1.0000 26.5286 0.0986
#TI average gradients and standard deviation in kcal/mol
0.0000 22.8611 6.7747
0.1000 25.4590 6.7884
0.2000 24.7926 6.5202
0.3000 22.9739 6.4615
0.4000 20.6897 6.6468
0.5000 22.5127 7.6346
0.6000 23.0379 9.3788
0.7000 24.4002 10.3742
0.8000 29.2618 11.6591
0.9000 36.6070 13.9940
1.0000 48.8388 17.1956
#PMF from TI in kcal/mol
0.0000 0.0000
0.1000 2.4160
0.2000 4.9286
0.3000 7.3169
0.4000 9.5001
0.5000 11.6602
0.6000 13.9377
0.7000 16.3096
0.8000 18.9927
0.9000 22.2862
1.0000 26.5585
#MBAR free energy difference in kcal/mol: 
26.528640, 0.098568 
#TI free energy difference in kcal/mol: 
26.558464  
