# Analysing data contained in file(s) ['/home/jguven/projects/metalloenzymes/starmap/outputs/with_min/SOMD_3/lig_1~lig_4/unbound/lambda_0.0000/simfile.dat', '/home/jguven/projects/metalloenzymes/starmap/outputs/with_min/SOMD_3/lig_1~lig_4/unbound/lambda_0.1000/simfile.dat', '/home/jguven/projects/metalloenzymes/starmap/outputs/with_min/SOMD_3/lig_1~lig_4/unbound/lambda_0.2000/simfile.dat', '/home/jguven/projects/metalloenzymes/starmap/outputs/with_min/SOMD_3/lig_1~lig_4/unbound/lambda_0.3000/simfile.dat', '/home/jguven/projects/metalloenzymes/starmap/outputs/with_min/SOMD_3/lig_1~lig_4/unbound/lambda_0.4000/simfile.dat', '/home/jguven/projects/metalloenzymes/starmap/outputs/with_min/SOMD_3/lig_1~lig_4/unbound/lambda_0.5000/simfile.dat', '/home/jguven/projects/metalloenzymes/starmap/outputs/with_min/SOMD_3/lig_1~lig_4/unbound/lambda_0.6000/simfile.dat', '/home/jguven/projects/metalloenzymes/starmap/outputs/with_min/SOMD_3/lig_1~lig_4/unbound/lambda_0.7000/simfile.dat', '/home/jguven/projects/metalloenzymes/starmap/outputs/with_min/SOMD_3/lig_1~lig_4/unbound/lambda_0.8000/simfile.dat', '/home/jguven/projects/metalloenzymes/starmap/outputs/with_min/SOMD_3/lig_1~lig_4/unbound/lambda_0.9000/simfile.dat', '/home/jguven/projects/metalloenzymes/starmap/outputs/with_min/SOMD_3/lig_1~lig_4/unbound/lambda_1.0000/simfile.dat']
#Overlap matrix
0.5303 0.2993 0.1243 0.0371 0.0078 0.0011 0.0001 0.0000 0.0000 0.0000 0.0000
0.2993 0.3140 0.2278 0.1122 0.0372 0.0082 0.0012 0.0001 0.0000 0.0000 0.0000
0.1243 0.2278 0.2738 0.2155 0.1116 0.0378 0.0082 0.0010 0.0001 0.0000 0.0000
0.0371 0.1122 0.2155 0.2657 0.2132 0.1114 0.0371 0.0071 0.0007 0.0000 0.0000
0.0078 0.0372 0.1116 0.2132 0.2653 0.2157 0.1113 0.0329 0.0047 0.0003 0.0000
0.0011 0.0082 0.0378 0.1114 0.2157 0.2741 0.2228 0.1049 0.0222 0.0017 0.0000
0.0001 0.0012 0.0082 0.0371 0.1113 0.2228 0.2966 0.2364 0.0783 0.0079 0.0001
0.0000 0.0001 0.0010 0.0071 0.0329 0.1049 0.2364 0.3502 0.2293 0.0372 0.0007
0.0000 0.0000 0.0001 0.0007 0.0047 0.0222 0.0783 0.2293 0.4528 0.2039 0.0080
0.0000 0.0000 0.0000 0.0000 0.0003 0.0017 0.0079 0.0372 0.2039 0.6136 0.1354
0.0000 0.0000 0.0000 0.0000 0.0000 0.0000 0.0001 0.0007 0.0080 0.1354 0.8557
#DG from neighbouring lambda in kcal/mol
0.0000 0.1000 3.7280 0.0118
0.1000 0.2000 3.5077 0.0104
0.2000 0.3000 3.2522 0.0100
0.3000 0.4000 2.9698 0.0099
0.4000 0.5000 2.6561 0.0100
0.5000 0.6000 2.3502 0.0105
0.6000 0.7000 2.1792 0.0122
0.7000 0.8000 2.3515 0.0175
0.8000 0.9000 3.0806 0.0261
0.9000 1.0000 4.8042 0.0417
#PMF from MBAR in kcal/mol
0.0000 0.0000 0.0000
0.1000 3.7280 0.0118
0.2000 7.2357 0.0204
0.3000 10.4879 0.0268
0.4000 13.4577 0.0320
0.5000 16.1138 0.0364
0.6000 18.4641 0.0406
0.7000 20.6433 0.0450
0.8000 22.9947 0.0510
0.9000 26.0753 0.0604
1.0000 30.8795 0.0770
#TI average gradients and standard deviation in kcal/mol
0.0000 33.5598 5.9217
0.1000 36.2695 5.9249
0.2000 33.7375 5.8801
0.3000 30.9229 5.7944
0.4000 27.8747 5.7699
0.5000 24.6644 5.7237
0.6000 21.9803 6.0037
0.7000 22.0120 7.3257
0.8000 26.2623 10.3966
0.9000 36.9731 14.0061
1.0000 60.3971 19.0413
#PMF from TI in kcal/mol
0.0000 0.0000
0.1000 3.4915
0.2000 6.9918
0.3000 10.2248
0.4000 13.1647
0.5000 15.7917
0.6000 18.1239
0.7000 20.3235
0.8000 22.7372
0.9000 25.8990
1.0000 30.7675
#MBAR free energy difference in kcal/mol: 
30.879525, 0.077018 
#TI free energy difference in kcal/mol: 
30.767524  
