# Analysing data contained in file(s) ['/home/jguven/projects/metalloenzymes/starmap/outputs/with_min/SOMD_1/lig_1~lig_2/bound/lambda_0.0000/simfile.dat', '/home/jguven/projects/metalloenzymes/starmap/outputs/with_min/SOMD_1/lig_1~lig_2/bound/lambda_0.1000/simfile.dat', '/home/jguven/projects/metalloenzymes/starmap/outputs/with_min/SOMD_1/lig_1~lig_2/bound/lambda_0.2000/simfile.dat', '/home/jguven/projects/metalloenzymes/starmap/outputs/with_min/SOMD_1/lig_1~lig_2/bound/lambda_0.3000/simfile.dat', '/home/jguven/projects/metalloenzymes/starmap/outputs/with_min/SOMD_1/lig_1~lig_2/bound/lambda_0.4000/simfile.dat', '/home/jguven/projects/metalloenzymes/starmap/outputs/with_min/SOMD_1/lig_1~lig_2/bound/lambda_0.5000/simfile.dat', '/home/jguven/projects/metalloenzymes/starmap/outputs/with_min/SOMD_1/lig_1~lig_2/bound/lambda_0.6000/simfile.dat', '/home/jguven/projects/metalloenzymes/starmap/outputs/with_min/SOMD_1/lig_1~lig_2/bound/lambda_0.7000/simfile.dat', '/home/jguven/projects/metalloenzymes/starmap/outputs/with_min/SOMD_1/lig_1~lig_2/bound/lambda_0.8000/simfile.dat', '/home/jguven/projects/metalloenzymes/starmap/outputs/with_min/SOMD_1/lig_1~lig_2/bound/lambda_0.9000/simfile.dat', '/home/jguven/projects/metalloenzymes/starmap/outputs/with_min/SOMD_1/lig_1~lig_2/bound/lambda_1.0000/simfile.dat']
#Overlap matrix
0.8737 0.1231 0.0031 0.0001 0.0000 0.0000 0.0000 0.0000 0.0000 0.0000 0.0000
0.1231 0.6931 0.1687 0.0142 0.0009 0.0000 0.0000 0.0000 0.0000 0.0000 0.0000
0.0031 0.1687 0.5607 0.2291 0.0357 0.0027 0.0001 0.0000 0.0000 0.0000 0.0000
0.0001 0.0142 0.2291 0.4658 0.2402 0.0472 0.0033 0.0001 0.0000 0.0000 0.0000
0.0000 0.0009 0.0357 0.2402 0.4305 0.2423 0.0471 0.0033 0.0001 0.0000 0.0000
0.0000 0.0000 0.0027 0.0472 0.2423 0.4150 0.2401 0.0490 0.0036 0.0001 0.0000
0.0000 0.0000 0.0001 0.0033 0.0471 0.2401 0.4130 0.2429 0.0505 0.0030 0.0000
0.0000 0.0000 0.0000 0.0001 0.0033 0.0490 0.2429 0.4170 0.2456 0.0405 0.0018
0.0000 0.0000 0.0000 0.0000 0.0001 0.0036 0.0505 0.2456 0.4340 0.2334 0.0328
0.0000 0.0000 0.0000 0.0000 0.0000 0.0001 0.0030 0.0405 0.2334 0.4743 0.2488
0.0000 0.0000 0.0000 0.0000 0.0000 0.0000 0.0000 0.0018 0.0328 0.2488 0.7166
#DG from neighbouring lambda in kcal/mol
0.0000 0.1000 41.1317 0.0529
0.1000 0.2000 38.0617 0.0399
0.2000 0.3000 34.8268 0.0276
0.3000 0.4000 31.1875 0.0234
0.4000 0.5000 27.1698 0.0221
0.5000 0.6000 22.9607 0.0221
0.6000 0.7000 18.7223 0.0217
0.7000 0.8000 14.5436 0.0221
0.8000 0.9000 10.3409 0.0249
0.9000 1.0000 6.2334 0.0273
#PMF from MBAR in kcal/mol
0.0000 0.0000 0.0000
0.1000 41.1317 0.0529
0.2000 79.1935 0.0721
0.3000 114.0202 0.0815
0.4000 145.2077 0.0880
0.5000 172.3775 0.0935
0.6000 195.3382 0.0988
0.7000 214.0606 0.1037
0.8000 228.6041 0.1085
0.9000 238.9450 0.1138
1.0000 245.1784 0.1196
#TI average gradients and standard deviation in kcal/mol
0.0000 425.5269 18.0298
0.1000 395.9517 14.7205
0.2000 364.6799 12.8124
0.3000 331.6506 10.0182
0.4000 291.2306 9.4371
0.5000 252.3725 9.0571
0.6000 207.7234 9.0954
0.7000 165.6812 8.9831
0.8000 124.6952 9.1126
0.9000 81.9545 9.6659
1.0000 44.0376 10.8825
#PMF from TI in kcal/mol
0.0000 0.0000
0.1000 41.0739
0.2000 79.1055
0.3000 113.9220
0.4000 145.0661
0.5000 172.2462
0.6000 195.2510
0.7000 213.9213
0.8000 228.4401
0.9000 238.7726
1.0000 245.0722
#MBAR free energy difference in kcal/mol: 
245.178368, 0.119570 
#TI free energy difference in kcal/mol: 
245.072174  
