# Analysing data contained in file(s) ['/home/jguven/projects/metalloenzymes/starmap/outputs/with_min/SOMD_3/lig_1~lig_13/unbound/lambda_0.0000/simfile.dat', '/home/jguven/projects/metalloenzymes/starmap/outputs/with_min/SOMD_3/lig_1~lig_13/unbound/lambda_0.1000/simfile.dat', '/home/jguven/projects/metalloenzymes/starmap/outputs/with_min/SOMD_3/lig_1~lig_13/unbound/lambda_0.2000/simfile.dat', '/home/jguven/projects/metalloenzymes/starmap/outputs/with_min/SOMD_3/lig_1~lig_13/unbound/lambda_0.3000/simfile.dat', '/home/jguven/projects/metalloenzymes/starmap/outputs/with_min/SOMD_3/lig_1~lig_13/unbound/lambda_0.4000/simfile.dat', '/home/jguven/projects/metalloenzymes/starmap/outputs/with_min/SOMD_3/lig_1~lig_13/unbound/lambda_0.5000/simfile.dat', '/home/jguven/projects/metalloenzymes/starmap/outputs/with_min/SOMD_3/lig_1~lig_13/unbound/lambda_0.6000/simfile.dat', '/home/jguven/projects/metalloenzymes/starmap/outputs/with_min/SOMD_3/lig_1~lig_13/unbound/lambda_0.7000/simfile.dat', '/home/jguven/projects/metalloenzymes/starmap/outputs/with_min/SOMD_3/lig_1~lig_13/unbound/lambda_0.8000/simfile.dat', '/home/jguven/projects/metalloenzymes/starmap/outputs/with_min/SOMD_3/lig_1~lig_13/unbound/lambda_0.9000/simfile.dat', '/home/jguven/projects/metalloenzymes/starmap/outputs/with_min/SOMD_3/lig_1~lig_13/unbound/lambda_1.0000/simfile.dat']
#Overlap matrix
0.4583 0.2913 0.1547 0.0659 0.0220 0.0058 0.0015 0.0003 0.0001 0.0000 0.0000
0.2913 0.2792 0.2145 0.1291 0.0586 0.0194 0.0059 0.0015 0.0003 0.0000 0.0000
0.1547 0.2145 0.2345 0.1996 0.1233 0.0501 0.0173 0.0049 0.0010 0.0001 0.0000
0.0659 0.1291 0.1996 0.2412 0.2076 0.1036 0.0388 0.0115 0.0024 0.0003 0.0000
0.0220 0.0586 0.1233 0.2076 0.2704 0.2009 0.0854 0.0257 0.0054 0.0006 0.0000
0.0058 0.0194 0.0501 0.1036 0.2009 0.3151 0.2157 0.0724 0.0153 0.0016 0.0000
0.0015 0.0059 0.0173 0.0388 0.0854 0.2157 0.3567 0.2181 0.0551 0.0053 0.0001
0.0003 0.0015 0.0049 0.0115 0.0257 0.0724 0.2181 0.4111 0.2270 0.0268 0.0005
0.0001 0.0003 0.0010 0.0024 0.0054 0.0153 0.0551 0.2270 0.5029 0.1852 0.0054
0.0000 0.0000 0.0001 0.0003 0.0006 0.0016 0.0053 0.0268 0.1852 0.6572 0.1226
0.0000 0.0000 0.0000 0.0000 0.0000 0.0000 0.0001 0.0005 0.0054 0.1226 0.8713
#DG from neighbouring lambda in kcal/mol
0.0000 0.1000 0.4507 0.0087
0.1000 0.2000 0.3368 0.0075
0.2000 0.3000 0.1793 0.0074
0.3000 0.4000 0.1106 0.0082
0.4000 0.5000 0.1538 0.0112
0.5000 0.6000 0.1653 0.0129
0.6000 0.7000 0.2792 0.0159
0.7000 0.8000 0.6624 0.0195
0.8000 0.9000 1.6616 0.0289
0.9000 1.0000 3.4155 0.0439
#PMF from MBAR in kcal/mol
0.0000 0.0000 0.0000
0.1000 0.4507 0.0087
0.2000 0.7875 0.0152
0.3000 0.9668 0.0205
0.4000 1.0775 0.0250
0.5000 1.2312 0.0298
0.6000 1.3966 0.0346
0.7000 1.6757 0.0404
0.8000 2.3382 0.0475
0.9000 3.9997 0.0587
1.0000 7.4152 0.0769
#TI average gradients and standard deviation in kcal/mol
0.0000 -2.4379 5.4594
0.1000 4.0612 4.6630
0.2000 2.3043 4.6626
0.3000 1.1395 4.6343
0.4000 1.2591 5.8584
0.5000 1.8288 7.9273
0.6000 1.8323 8.2113
0.7000 3.9062 9.6114
0.8000 11.4210 12.6734
0.9000 23.7694 14.9815
1.0000 44.9825 19.3495
#PMF from TI in kcal/mol
0.0000 0.0000
0.1000 0.0812
0.2000 0.3994
0.3000 0.5716
0.4000 0.6916
0.5000 0.8460
0.6000 1.0290
0.7000 1.3159
0.8000 2.0823
0.9000 3.8418
1.0000 7.2794
#MBAR free energy difference in kcal/mol: 
7.415242, 0.076893 
#TI free energy difference in kcal/mol: 
7.279410  
