# Analysing data contained in file(s) ['/home/jguven/projects/metalloenzymes/kpc2/outputs/SOMD/lig_14~lig_15/unbound/lambda_0.0000/simfile.dat', '/home/jguven/projects/metalloenzymes/kpc2/outputs/SOMD/lig_14~lig_15/unbound/lambda_0.1000/simfile.dat', '/home/jguven/projects/metalloenzymes/kpc2/outputs/SOMD/lig_14~lig_15/unbound/lambda_0.2000/simfile.dat', '/home/jguven/projects/metalloenzymes/kpc2/outputs/SOMD/lig_14~lig_15/unbound/lambda_0.3000/simfile.dat', '/home/jguven/projects/metalloenzymes/kpc2/outputs/SOMD/lig_14~lig_15/unbound/lambda_0.4000/simfile.dat', '/home/jguven/projects/metalloenzymes/kpc2/outputs/SOMD/lig_14~lig_15/unbound/lambda_0.5000/simfile.dat', '/home/jguven/projects/metalloenzymes/kpc2/outputs/SOMD/lig_14~lig_15/unbound/lambda_0.6000/simfile.dat', '/home/jguven/projects/metalloenzymes/kpc2/outputs/SOMD/lig_14~lig_15/unbound/lambda_0.7000/simfile.dat', '/home/jguven/projects/metalloenzymes/kpc2/outputs/SOMD/lig_14~lig_15/unbound/lambda_0.8000/simfile.dat', '/home/jguven/projects/metalloenzymes/kpc2/outputs/SOMD/lig_14~lig_15/unbound/lambda_0.9000/simfile.dat', '/home/jguven/projects/metalloenzymes/kpc2/outputs/SOMD/lig_14~lig_15/unbound/lambda_1.0000/simfile.dat']
#Overlap matrix
0.8374 0.1541 0.0080 0.0005 0.0000 0.0000 0.0000 0.0000 0.0000 0.0000 0.0000
0.1541 0.6286 0.1932 0.0217 0.0022 0.0002 0.0000 0.0000 0.0000 0.0000 0.0000
0.0080 0.1932 0.5322 0.2233 0.0380 0.0047 0.0005 0.0000 0.0000 0.0000 0.0000
0.0005 0.0217 0.2233 0.4738 0.2253 0.0472 0.0074 0.0008 0.0001 0.0000 0.0000
0.0000 0.0022 0.0380 0.2253 0.4473 0.2256 0.0524 0.0084 0.0007 0.0000 0.0000
0.0000 0.0002 0.0047 0.0472 0.2256 0.4349 0.2299 0.0513 0.0058 0.0003 0.0000
0.0000 0.0000 0.0005 0.0074 0.0524 0.2299 0.4359 0.2302 0.0409 0.0029 0.0000
0.0000 0.0000 0.0000 0.0008 0.0084 0.0513 0.2302 0.4596 0.2244 0.0247 0.0004
0.0000 0.0000 0.0000 0.0001 0.0007 0.0058 0.0409 0.2244 0.5259 0.1961 0.0061
0.0000 0.0000 0.0000 0.0000 0.0000 0.0003 0.0029 0.0247 0.1961 0.6460 0.1300
0.0000 0.0000 0.0000 0.0000 0.0000 0.0000 0.0000 0.0004 0.0061 0.1300 0.8635
#DG from neighbouring lambda in kcal/mol
0.0000 0.1000 3.6830 0.0377
0.1000 0.2000 4.3970 0.0291
0.2000 0.3000 4.6977 0.0230
0.3000 0.4000 4.7362 0.0206
0.4000 0.5000 4.6764 0.0193
0.5000 0.6000 4.7082 0.0187
0.6000 0.7000 4.7918 0.0195
0.7000 0.8000 5.0026 0.0223
0.8000 0.9000 5.8520 0.0286
0.9000 1.0000 8.2709 0.0427
#PMF from MBAR in kcal/mol
0.0000 0.0000 0.0000
0.1000 3.6830 0.0377
0.2000 8.0799 0.0528
0.3000 12.7776 0.0612
0.4000 17.5138 0.0672
0.5000 22.1903 0.0722
0.6000 26.8985 0.0765
0.7000 31.6903 0.0809
0.8000 36.6929 0.0860
0.9000 42.5449 0.0929
1.0000 50.8158 0.1048
#TI average gradients and standard deviation in kcal/mol
0.0000 27.7131 16.9724
0.1000 41.3789 14.0367
0.2000 45.8751 12.2459
0.3000 47.3776 10.4776
0.4000 46.8067 9.7658
0.5000 46.2680 9.7645
0.6000 47.3441 9.4787
0.7000 48.3465 10.3167
0.8000 52.5727 12.0769
0.9000 66.9427 14.8903
1.0000 107.1352 19.6437
#PMF from TI in kcal/mol
0.0000 0.0000
0.1000 3.4546
0.2000 7.8173
0.3000 12.4799
0.4000 17.1892
0.5000 21.8429
0.6000 26.5235
0.7000 31.3080
0.8000 36.3540
0.9000 42.3298
1.0000 51.0337
#MBAR free energy difference in kcal/mol: 
50.815834, 0.104830 
#TI free energy difference in kcal/mol: 
51.033656  
