# Analysing data contained in file(s) ['/home/jguven/projects/metalloenzymes/starmap/outputs/with_min/SOMD_3/lig_1~lig_15/unbound/lambda_0.0000/simfile.dat', '/home/jguven/projects/metalloenzymes/starmap/outputs/with_min/SOMD_3/lig_1~lig_15/unbound/lambda_0.1000/simfile.dat', '/home/jguven/projects/metalloenzymes/starmap/outputs/with_min/SOMD_3/lig_1~lig_15/unbound/lambda_0.2000/simfile.dat', '/home/jguven/projects/metalloenzymes/starmap/outputs/with_min/SOMD_3/lig_1~lig_15/unbound/lambda_0.3000/simfile.dat', '/home/jguven/projects/metalloenzymes/starmap/outputs/with_min/SOMD_3/lig_1~lig_15/unbound/lambda_0.4000/simfile.dat', '/home/jguven/projects/metalloenzymes/starmap/outputs/with_min/SOMD_3/lig_1~lig_15/unbound/lambda_0.5000/simfile.dat', '/home/jguven/projects/metalloenzymes/starmap/outputs/with_min/SOMD_3/lig_1~lig_15/unbound/lambda_0.6000/simfile.dat', '/home/jguven/projects/metalloenzymes/starmap/outputs/with_min/SOMD_3/lig_1~lig_15/unbound/lambda_0.7000/simfile.dat', '/home/jguven/projects/metalloenzymes/starmap/outputs/with_min/SOMD_3/lig_1~lig_15/unbound/lambda_0.8000/simfile.dat', '/home/jguven/projects/metalloenzymes/starmap/outputs/with_min/SOMD_3/lig_1~lig_15/unbound/lambda_0.9000/simfile.dat', '/home/jguven/projects/metalloenzymes/starmap/outputs/with_min/SOMD_3/lig_1~lig_15/unbound/lambda_1.0000/simfile.dat']
#Overlap matrix
0.7219 0.2517 0.0257 0.0007 0.0000 0.0000 0.0000 0.0000 0.0000 0.0000 0.0000
0.2517 0.4904 0.2305 0.0266 0.0007 0.0000 0.0000 0.0000 0.0000 0.0000 0.0000
0.0257 0.2305 0.4836 0.2339 0.0257 0.0007 0.0000 0.0000 0.0000 0.0000 0.0000
0.0007 0.0266 0.2339 0.4813 0.2313 0.0254 0.0007 0.0000 0.0000 0.0000 0.0000
0.0000 0.0007 0.0257 0.2313 0.4849 0.2310 0.0257 0.0007 0.0000 0.0000 0.0000
0.0000 0.0000 0.0007 0.0254 0.2310 0.4817 0.2328 0.0277 0.0008 0.0000 0.0000
0.0000 0.0000 0.0000 0.0007 0.0257 0.2328 0.4794 0.2324 0.0281 0.0009 0.0000
0.0000 0.0000 0.0000 0.0000 0.0007 0.0277 0.2324 0.4694 0.2386 0.0303 0.0009
0.0000 0.0000 0.0000 0.0000 0.0000 0.0008 0.0281 0.2386 0.4717 0.2315 0.0292
0.0000 0.0000 0.0000 0.0000 0.0000 0.0000 0.0009 0.0303 0.2315 0.4775 0.2597
0.0000 0.0000 0.0000 0.0000 0.0000 0.0000 0.0000 0.0009 0.0292 0.2597 0.7101
#DG from neighbouring lambda in kcal/mol
0.0000 0.1000 10.8857 0.0236
0.1000 0.2000 10.9240 0.0233
0.2000 0.3000 10.9860 0.0229
0.3000 0.4000 11.0249 0.0232
0.4000 0.5000 11.0471 0.0233
0.5000 0.6000 11.0769 0.0229
0.6000 0.7000 11.1548 0.0227
0.7000 0.8000 11.2566 0.0220
0.8000 0.9000 11.4066 0.0226
0.9000 1.0000 11.5420 0.0226
#PMF from MBAR in kcal/mol
0.0000 0.0000 0.0000
0.1000 10.8857 0.0236
0.2000 21.8097 0.0394
0.3000 32.7957 0.0504
0.4000 43.8205 0.0596
0.5000 54.8676 0.0675
0.6000 65.9445 0.0745
0.7000 77.0993 0.0808
0.8000 88.3559 0.0864
0.9000 99.7625 0.0918
1.0000 111.3044 0.0969
#TI average gradients and standard deviation in kcal/mol
0.0000 108.5529 10.6569
0.1000 109.2644 10.6672
0.2000 109.3571 10.7328
0.3000 110.2903 10.2876
0.4000 110.1047 10.5818
0.5000 110.9901 10.5809
0.6000 111.2873 10.3240
0.7000 112.3059 10.2069
0.8000 113.4030 10.1628
0.9000 114.5337 10.3235
1.0000 115.7784 10.6338
#PMF from TI in kcal/mol
0.0000 0.0000
0.1000 10.8909
0.2000 21.8219
0.3000 32.8043
0.4000 43.8241
0.5000 54.8788
0.6000 65.9927
0.7000 77.1723
0.8000 88.4578
0.9000 99.8546
1.0000 111.3702
#MBAR free energy difference in kcal/mol: 
111.304442, 0.096876 
#TI free energy difference in kcal/mol: 
111.370212  
