# Analysing data contained in file(s) ['/home/jguven/projects/metalloenzymes/starmap/outputs/with_min/SOMD_2/lig_1~lig_7/unbound/lambda_0.0000/simfile.dat', '/home/jguven/projects/metalloenzymes/starmap/outputs/with_min/SOMD_2/lig_1~lig_7/unbound/lambda_0.1000/simfile.dat', '/home/jguven/projects/metalloenzymes/starmap/outputs/with_min/SOMD_2/lig_1~lig_7/unbound/lambda_0.2000/simfile.dat', '/home/jguven/projects/metalloenzymes/starmap/outputs/with_min/SOMD_2/lig_1~lig_7/unbound/lambda_0.3000/simfile.dat', '/home/jguven/projects/metalloenzymes/starmap/outputs/with_min/SOMD_2/lig_1~lig_7/unbound/lambda_0.4000/simfile.dat', '/home/jguven/projects/metalloenzymes/starmap/outputs/with_min/SOMD_2/lig_1~lig_7/unbound/lambda_0.5000/simfile.dat', '/home/jguven/projects/metalloenzymes/starmap/outputs/with_min/SOMD_2/lig_1~lig_7/unbound/lambda_0.6000/simfile.dat', '/home/jguven/projects/metalloenzymes/starmap/outputs/with_min/SOMD_2/lig_1~lig_7/unbound/lambda_0.7000/simfile.dat', '/home/jguven/projects/metalloenzymes/starmap/outputs/with_min/SOMD_2/lig_1~lig_7/unbound/lambda_0.8000/simfile.dat', '/home/jguven/projects/metalloenzymes/starmap/outputs/with_min/SOMD_2/lig_1~lig_7/unbound/lambda_0.9000/simfile.dat', '/home/jguven/projects/metalloenzymes/starmap/outputs/with_min/SOMD_2/lig_1~lig_7/unbound/lambda_1.0000/simfile.dat']
#Overlap matrix
0.7665 0.2205 0.0128 0.0001 0.0000 0.0000 0.0000 0.0000 0.0000 0.0000 0.0000
0.2205 0.5838 0.1897 0.0059 0.0001 0.0000 0.0000 0.0000 0.0000 0.0000 0.0000
0.0128 0.1897 0.6398 0.1511 0.0062 0.0003 0.0000 0.0001 0.0000 0.0000 0.0000
0.0001 0.0059 0.1511 0.6397 0.1941 0.0081 0.0007 0.0003 0.0000 0.0000 0.0000
0.0000 0.0001 0.0062 0.1941 0.6766 0.1146 0.0077 0.0007 0.0000 0.0000 0.0000
0.0000 0.0000 0.0003 0.0081 0.1146 0.7049 0.1663 0.0057 0.0001 0.0000 0.0000
0.0000 0.0000 0.0000 0.0007 0.0077 0.1663 0.7310 0.0935 0.0009 0.0000 0.0000
0.0000 0.0000 0.0001 0.0003 0.0007 0.0057 0.0935 0.8269 0.0722 0.0007 0.0000
0.0000 0.0000 0.0000 0.0000 0.0000 0.0001 0.0009 0.0722 0.8162 0.1091 0.0015
0.0000 0.0000 0.0000 0.0000 0.0000 0.0000 0.0000 0.0007 0.1091 0.7725 0.1177
0.0000 0.0000 0.0000 0.0000 0.0000 0.0000 0.0000 0.0000 0.0015 0.1177 0.8808
#DG from neighbouring lambda in kcal/mol
0.0000 0.1000 8.8599 0.0292
0.1000 0.2000 7.8303 0.0324
0.2000 0.3000 5.9409 0.0391
0.3000 0.4000 4.9069 0.0322
0.4000 0.5000 4.9359 0.0456
0.5000 0.6000 4.6505 0.0363
0.6000 0.7000 5.5160 0.0542
0.7000 0.8000 5.2780 0.0654
0.8000 0.9000 4.2039 0.0510
0.9000 1.0000 3.3566 0.0487
#PMF from MBAR in kcal/mol
0.0000 0.0000 0.0000
0.1000 8.8599 0.0292
0.2000 16.6902 0.0495
0.3000 22.6310 0.0678
0.4000 27.5380 0.0789
0.5000 32.4739 0.0938
0.6000 37.1244 0.1027
0.7000 42.6404 0.1179
0.8000 47.9184 0.1371
0.9000 52.1223 0.1486
1.0000 55.4789 0.1584
#TI average gradients and standard deviation in kcal/mol
0.0000 86.6669 7.1514
0.1000 82.0278 16.3922
0.2000 71.6693 10.9789
0.3000 47.5415 16.8881
0.4000 54.5369 22.5387
0.5000 51.9709 23.8575
0.6000 49.7551 19.1152
0.7000 58.2990 20.7775
0.8000 35.9744 16.3040
0.9000 37.7035 17.7829
1.0000 30.7220 13.1597
#PMF from TI in kcal/mol
0.0000 0.0000
0.1000 8.4347
0.2000 16.1196
0.3000 22.0801
0.4000 27.1841
0.5000 32.5094
0.6000 37.5957
0.7000 42.9985
0.8000 47.7121
0.9000 51.3960
1.0000 54.8173
#MBAR free energy difference in kcal/mol: 
55.478869, 0.158448 
#TI free energy difference in kcal/mol: 
54.817300  #WARNING SUBSAMPLING GRADIENTS RESULTED IN LESS THAN 50 SAMPLES, CONSIDER RERUN WITHOUT SUBSAMPLE OPTION 
