# Analysing data contained in file(s) ['/home/jguven/projects/metalloenzymes/kpc2/outputs/SOMD/lig_1~lig_4/unbound/lambda_0.0000/simfile.dat', '/home/jguven/projects/metalloenzymes/kpc2/outputs/SOMD/lig_1~lig_4/unbound/lambda_0.1000/simfile.dat', '/home/jguven/projects/metalloenzymes/kpc2/outputs/SOMD/lig_1~lig_4/unbound/lambda_0.2000/simfile.dat', '/home/jguven/projects/metalloenzymes/kpc2/outputs/SOMD/lig_1~lig_4/unbound/lambda_0.3000/simfile.dat', '/home/jguven/projects/metalloenzymes/kpc2/outputs/SOMD/lig_1~lig_4/unbound/lambda_0.4000/simfile.dat', '/home/jguven/projects/metalloenzymes/kpc2/outputs/SOMD/lig_1~lig_4/unbound/lambda_0.5000/simfile.dat', '/home/jguven/projects/metalloenzymes/kpc2/outputs/SOMD/lig_1~lig_4/unbound/lambda_0.6000/simfile.dat', '/home/jguven/projects/metalloenzymes/kpc2/outputs/SOMD/lig_1~lig_4/unbound/lambda_0.7000/simfile.dat', '/home/jguven/projects/metalloenzymes/kpc2/outputs/SOMD/lig_1~lig_4/unbound/lambda_0.8000/simfile.dat', '/home/jguven/projects/metalloenzymes/kpc2/outputs/SOMD/lig_1~lig_4/unbound/lambda_0.9000/simfile.dat', '/home/jguven/projects/metalloenzymes/kpc2/outputs/SOMD/lig_1~lig_4/unbound/lambda_1.0000/simfile.dat']
#Overlap matrix
0.8459 0.1516 0.0025 0.0000 0.0000 0.0000 0.0000 0.0000 0.0000 0.0000 0.0000
0.1516 0.6724 0.1719 0.0041 0.0000 0.0000 0.0000 0.0000 0.0000 0.0000 0.0000
0.0025 0.1719 0.6320 0.1866 0.0070 0.0000 0.0000 0.0000 0.0000 0.0000 0.0000
0.0000 0.0041 0.1866 0.6103 0.1934 0.0057 0.0000 0.0000 0.0000 0.0000 0.0000
0.0000 0.0000 0.0070 0.1934 0.5980 0.1933 0.0083 0.0001 0.0000 0.0000 0.0000
0.0000 0.0000 0.0000 0.0057 0.1933 0.5845 0.2061 0.0103 0.0001 0.0000 0.0000
0.0000 0.0000 0.0000 0.0000 0.0083 0.2061 0.5657 0.2071 0.0126 0.0002 0.0000
0.0000 0.0000 0.0000 0.0000 0.0001 0.0103 0.2071 0.5462 0.2203 0.0159 0.0002
0.0000 0.0000 0.0000 0.0000 0.0000 0.0001 0.0126 0.2203 0.5333 0.2165 0.0172
0.0000 0.0000 0.0000 0.0000 0.0000 0.0000 0.0002 0.0159 0.2165 0.5273 0.2401
0.0000 0.0000 0.0000 0.0000 0.0000 0.0000 0.0000 0.0002 0.0172 0.2401 0.7424
#DG from neighbouring lambda in kcal/mol
0.0000 0.1000 1.5071 0.0389
0.1000 0.2000 2.0948 0.0349
0.2000 0.3000 2.2951 0.0322
0.3000 0.4000 2.3791 0.0311
0.4000 0.5000 2.1113 0.0309
0.5000 0.6000 1.9322 0.0288
0.6000 0.7000 1.7515 0.0282
0.7000 0.8000 1.5760 0.0262
0.8000 0.9000 1.4173 0.0262
0.9000 1.0000 1.2385 0.0253
#PMF from MBAR in kcal/mol
0.0000 0.0000 0.0000
0.1000 1.5071 0.0389
0.2000 3.6019 0.0578
0.3000 5.8970 0.0705
0.4000 8.2761 0.0806
0.5000 10.3875 0.0897
0.6000 12.3196 0.0971
0.7000 14.0712 0.1038
0.8000 15.6471 0.1095
0.9000 17.0645 0.1148
1.0000 18.3030 0.1196
#TI average gradients and standard deviation in kcal/mol
0.0000 10.1565 16.1391
0.1000 19.3923 14.8949
0.2000 22.1547 13.8663
0.3000 22.8287 13.0824
0.4000 21.9321 13.1778
0.5000 19.9622 12.5294
0.6000 18.6289 12.1323
0.7000 16.6807 11.6808
0.8000 14.8895 11.5900
0.9000 12.7877 11.4285
1.0000 13.4594 10.7481
#PMF from TI in kcal/mol
0.0000 0.0000
0.1000 1.4774
0.2000 3.5548
0.3000 5.8040
0.4000 8.0420
0.5000 10.1367
0.6000 12.0663
0.7000 13.8317
0.8000 15.4102
0.9000 16.7941
1.0000 18.1065
#MBAR free energy difference in kcal/mol: 
18.302990, 0.119637 
#TI free energy difference in kcal/mol: 
18.106453  
