# Analysing data contained in file(s) ['/home/jguven/projects/metalloenzymes/starmap/outputs/with_min/SOMD_2/lig_1~lig_14/unbound/lambda_0.0000/simfile.dat', '/home/jguven/projects/metalloenzymes/starmap/outputs/with_min/SOMD_2/lig_1~lig_14/unbound/lambda_0.1000/simfile.dat', '/home/jguven/projects/metalloenzymes/starmap/outputs/with_min/SOMD_2/lig_1~lig_14/unbound/lambda_0.2000/simfile.dat', '/home/jguven/projects/metalloenzymes/starmap/outputs/with_min/SOMD_2/lig_1~lig_14/unbound/lambda_0.3000/simfile.dat', '/home/jguven/projects/metalloenzymes/starmap/outputs/with_min/SOMD_2/lig_1~lig_14/unbound/lambda_0.4000/simfile.dat', '/home/jguven/projects/metalloenzymes/starmap/outputs/with_min/SOMD_2/lig_1~lig_14/unbound/lambda_0.5000/simfile.dat', '/home/jguven/projects/metalloenzymes/starmap/outputs/with_min/SOMD_2/lig_1~lig_14/unbound/lambda_0.6000/simfile.dat', '/home/jguven/projects/metalloenzymes/starmap/outputs/with_min/SOMD_2/lig_1~lig_14/unbound/lambda_0.7000/simfile.dat', '/home/jguven/projects/metalloenzymes/starmap/outputs/with_min/SOMD_2/lig_1~lig_14/unbound/lambda_0.8000/simfile.dat', '/home/jguven/projects/metalloenzymes/starmap/outputs/with_min/SOMD_2/lig_1~lig_14/unbound/lambda_0.9000/simfile.dat', '/home/jguven/projects/metalloenzymes/starmap/outputs/with_min/SOMD_2/lig_1~lig_14/unbound/lambda_1.0000/simfile.dat']
#Overlap matrix
0.7697 0.2183 0.0120 0.0001 0.0000 0.0000 0.0000 0.0000 0.0000 0.0000 0.0000
0.2183 0.5515 0.2156 0.0144 0.0002 0.0000 0.0000 0.0000 0.0000 0.0000 0.0000
0.0120 0.2156 0.5359 0.2217 0.0147 0.0002 0.0000 0.0000 0.0000 0.0000 0.0000
0.0001 0.0144 0.2217 0.5338 0.2139 0.0159 0.0002 0.0000 0.0000 0.0000 0.0000
0.0000 0.0002 0.0147 0.2139 0.5304 0.2234 0.0173 0.0002 0.0000 0.0000 0.0000
0.0000 0.0000 0.0002 0.0159 0.2234 0.5229 0.2218 0.0157 0.0002 0.0000 0.0000
0.0000 0.0000 0.0000 0.0002 0.0173 0.2218 0.5275 0.2175 0.0155 0.0001 0.0000
0.0000 0.0000 0.0000 0.0000 0.0002 0.0157 0.2175 0.5448 0.2136 0.0082 0.0000
0.0000 0.0000 0.0000 0.0000 0.0000 0.0002 0.0155 0.2136 0.6016 0.1670 0.0021
0.0000 0.0000 0.0000 0.0000 0.0000 0.0000 0.0001 0.0082 0.1670 0.7078 0.1169
0.0000 0.0000 0.0000 0.0000 0.0000 0.0000 0.0000 0.0000 0.0021 0.1169 0.8810
#DG from neighbouring lambda in kcal/mol
0.0000 0.1000 7.9533 0.0303
0.1000 0.2000 7.3857 0.0290
0.2000 0.3000 6.8555 0.0280
0.3000 0.4000 6.2640 0.0287
0.4000 0.5000 5.6551 0.0274
0.5000 0.6000 5.0641 0.0276
0.6000 0.7000 4.4818 0.0282
0.7000 0.8000 4.2370 0.0295
0.8000 0.9000 4.4520 0.0377
0.9000 1.0000 5.3243 0.0499
#PMF from MBAR in kcal/mol
0.0000 0.0000 0.0000
0.1000 7.9533 0.0303
0.2000 15.3390 0.0486
0.3000 22.1945 0.0612
0.4000 28.4584 0.0718
0.5000 34.1135 0.0806
0.6000 39.1776 0.0885
0.7000 43.6594 0.0960
0.8000 47.8965 0.1033
0.9000 52.3484 0.1128
1.0000 57.6727 0.1261
#TI average gradients and standard deviation in kcal/mol
0.0000 78.8931 12.2788
0.1000 76.8826 12.2232
0.2000 71.6488 11.9964
0.3000 65.5348 11.5708
0.4000 59.6286 11.8061
0.5000 53.3286 11.2935
0.6000 47.4398 11.3054
0.7000 42.7492 11.3344
0.8000 42.9783 12.8809
0.9000 47.3864 15.6529
1.0000 61.0303 19.1459
#PMF from TI in kcal/mol
0.0000 0.0000
0.1000 7.7888
0.2000 15.2154
0.3000 22.0745
0.4000 28.3327
0.5000 33.9806
0.6000 39.0190
0.7000 43.5284
0.8000 47.8148
0.9000 52.3330
1.0000 57.7539
#MBAR free energy difference in kcal/mol: 
57.672724, 0.126126 
#TI free energy difference in kcal/mol: 
57.753873  
