# Analysing data contained in file(s) ['/home/jguven/projects/metalloenzymes/kpc2/outputs/SOMD/lig_6~lig_8/bound/lambda_0.0000/simfile.dat', '/home/jguven/projects/metalloenzymes/kpc2/outputs/SOMD/lig_6~lig_8/bound/lambda_0.1000/simfile.dat', '/home/jguven/projects/metalloenzymes/kpc2/outputs/SOMD/lig_6~lig_8/bound/lambda_0.2000/simfile.dat', '/home/jguven/projects/metalloenzymes/kpc2/outputs/SOMD/lig_6~lig_8/bound/lambda_0.3000/simfile.dat', '/home/jguven/projects/metalloenzymes/kpc2/outputs/SOMD/lig_6~lig_8/bound/lambda_0.4000/simfile.dat', '/home/jguven/projects/metalloenzymes/kpc2/outputs/SOMD/lig_6~lig_8/bound/lambda_0.5000/simfile.dat', '/home/jguven/projects/metalloenzymes/kpc2/outputs/SOMD/lig_6~lig_8/bound/lambda_0.6000/simfile.dat', '/home/jguven/projects/metalloenzymes/kpc2/outputs/SOMD/lig_6~lig_8/bound/lambda_0.7000/simfile.dat', '/home/jguven/projects/metalloenzymes/kpc2/outputs/SOMD/lig_6~lig_8/bound/lambda_0.8000/simfile.dat', '/home/jguven/projects/metalloenzymes/kpc2/outputs/SOMD/lig_6~lig_8/bound/lambda_0.9000/simfile.dat', '/home/jguven/projects/metalloenzymes/kpc2/outputs/SOMD/lig_6~lig_8/bound/lambda_1.0000/simfile.dat']
#Overlap matrix
0.9018 0.0964 0.0017 0.0000 0.0000 0.0000 0.0000 0.0000 0.0000 0.0000 0.0000
0.0964 0.7262 0.1676 0.0093 0.0004 0.0000 0.0000 0.0000 0.0000 0.0000 0.0000
0.0017 0.1676 0.5902 0.2097 0.0286 0.0021 0.0001 0.0000 0.0000 0.0000 0.0000
0.0000 0.0093 0.2097 0.4911 0.2430 0.0443 0.0026 0.0000 0.0000 0.0000 0.0000
0.0000 0.0004 0.0286 0.2430 0.4397 0.2455 0.0408 0.0019 0.0000 0.0000 0.0000
0.0000 0.0000 0.0021 0.0443 0.2455 0.4345 0.2352 0.0367 0.0017 0.0000 0.0000
0.0000 0.0000 0.0001 0.0026 0.0408 0.2352 0.4440 0.2390 0.0367 0.0017 0.0000
0.0000 0.0000 0.0000 0.0000 0.0019 0.0367 0.2390 0.4435 0.2393 0.0381 0.0014
0.0000 0.0000 0.0000 0.0000 0.0000 0.0017 0.0367 0.2393 0.4496 0.2400 0.0327
0.0000 0.0000 0.0000 0.0000 0.0000 0.0000 0.0017 0.0381 0.2400 0.4649 0.2552
0.0000 0.0000 0.0000 0.0000 0.0000 0.0000 0.0000 0.0014 0.0327 0.2552 0.7107
#DG from neighbouring lambda in kcal/mol
0.0000 0.1000 0.2063 0.0782
0.1000 0.2000 1.3279 0.0518
0.2000 0.3000 2.0823 0.0392
0.3000 0.4000 2.5905 0.0302
0.4000 0.5000 2.8003 0.0285
0.5000 0.6000 2.7518 0.0305
0.6000 0.7000 2.6073 0.0306
0.7000 0.8000 2.5084 0.0304
0.8000 0.9000 2.5033 0.0309
0.9000 1.0000 2.4814 0.0335
#PMF from MBAR in kcal/mol
0.0000 0.0000 0.0000
0.1000 0.2063 0.0782
0.2000 1.5342 0.1007
0.3000 3.6165 0.1133
0.4000 6.2070 0.1211
0.5000 9.0073 0.1278
0.6000 11.7592 0.1347
0.7000 14.3664 0.1415
0.8000 16.8749 0.1479
0.9000 19.3782 0.1540
1.0000 21.8596 0.1607
#TI average gradients and standard deviation in kcal/mol
0.0000 -1.4656 18.8677
0.1000 7.3436 16.9895
0.2000 18.1542 13.7217
0.3000 24.0709 10.9546
0.4000 27.2769 9.6319
0.5000 27.3728 9.5854
0.6000 26.5964 9.4351
0.7000 26.1946 9.3332
0.8000 24.2383 9.5062
0.9000 24.7330 10.0202
1.0000 28.4496 10.8880
#PMF from TI in kcal/mol
0.0000 0.0000
0.1000 0.2939
0.2000 1.5688
0.3000 3.6800
0.4000 6.2474
0.5000 8.9799
0.6000 11.6784
0.7000 14.3179
0.8000 16.8396
0.9000 19.2881
1.0000 21.9473
#MBAR free energy difference in kcal/mol: 
21.859591, 0.160659 
#TI free energy difference in kcal/mol: 
21.947276  
