# Analysing data contained in file(s) ['/home/jguven/projects/metalloenzymes/starmap/outputs/with_min/SOMD_2/lig_1~lig_6/unbound/lambda_0.0000/simfile.dat', '/home/jguven/projects/metalloenzymes/starmap/outputs/with_min/SOMD_2/lig_1~lig_6/unbound/lambda_0.1000/simfile.dat', '/home/jguven/projects/metalloenzymes/starmap/outputs/with_min/SOMD_2/lig_1~lig_6/unbound/lambda_0.2000/simfile.dat', '/home/jguven/projects/metalloenzymes/starmap/outputs/with_min/SOMD_2/lig_1~lig_6/unbound/lambda_0.3000/simfile.dat', '/home/jguven/projects/metalloenzymes/starmap/outputs/with_min/SOMD_2/lig_1~lig_6/unbound/lambda_0.4000/simfile.dat', '/home/jguven/projects/metalloenzymes/starmap/outputs/with_min/SOMD_2/lig_1~lig_6/unbound/lambda_0.5000/simfile.dat', '/home/jguven/projects/metalloenzymes/starmap/outputs/with_min/SOMD_2/lig_1~lig_6/unbound/lambda_0.6000/simfile.dat', '/home/jguven/projects/metalloenzymes/starmap/outputs/with_min/SOMD_2/lig_1~lig_6/unbound/lambda_0.7000/simfile.dat', '/home/jguven/projects/metalloenzymes/starmap/outputs/with_min/SOMD_2/lig_1~lig_6/unbound/lambda_0.8000/simfile.dat', '/home/jguven/projects/metalloenzymes/starmap/outputs/with_min/SOMD_2/lig_1~lig_6/unbound/lambda_0.9000/simfile.dat', '/home/jguven/projects/metalloenzymes/starmap/outputs/with_min/SOMD_2/lig_1~lig_6/unbound/lambda_1.0000/simfile.dat']
#Overlap matrix
0.5860 0.2992 0.0953 0.0176 0.0018 0.0001 0.0000 0.0000 0.0000 0.0000 0.0000
0.2992 0.3535 0.2399 0.0885 0.0171 0.0017 0.0001 0.0000 0.0000 0.0000 0.0000
0.0953 0.2399 0.3261 0.2335 0.0867 0.0167 0.0017 0.0001 0.0000 0.0000 0.0000
0.0176 0.0885 0.2335 0.3227 0.2326 0.0869 0.0165 0.0016 0.0001 0.0000 0.0000
0.0018 0.0171 0.0867 0.2326 0.3253 0.2329 0.0853 0.0167 0.0017 0.0001 0.0000
0.0001 0.0017 0.0167 0.0869 0.2329 0.3229 0.2325 0.0882 0.0166 0.0013 0.0000
0.0000 0.0001 0.0017 0.0165 0.0853 0.2325 0.3276 0.2386 0.0846 0.0125 0.0007
0.0000 0.0000 0.0001 0.0016 0.0167 0.0882 0.2386 0.3399 0.2403 0.0677 0.0069
0.0000 0.0000 0.0000 0.0001 0.0017 0.0166 0.0846 0.2403 0.3713 0.2368 0.0487
0.0000 0.0000 0.0000 0.0000 0.0001 0.0013 0.0125 0.0677 0.2368 0.4338 0.2478
0.0000 0.0000 0.0000 0.0000 0.0000 0.0000 0.0007 0.0069 0.0487 0.2478 0.6960
#DG from neighbouring lambda in kcal/mol
0.0000 0.1000 6.6050 0.0135
0.1000 0.2000 6.3270 0.0125
0.2000 0.3000 6.0366 0.0124
0.3000 0.4000 5.7276 0.0125
0.4000 0.5000 5.4049 0.0126
0.5000 0.6000 5.0742 0.0126
0.6000 0.7000 4.7913 0.0125
0.7000 0.8000 4.6052 0.0137
0.8000 0.9000 4.5589 0.0165
0.9000 1.0000 4.7785 0.0205
#PMF from MBAR in kcal/mol
0.0000 0.0000 0.0000
0.1000 6.6050 0.0135
0.2000 12.9321 0.0233
0.3000 18.9686 0.0306
0.4000 24.6962 0.0366
0.5000 30.1011 0.0417
0.6000 35.1752 0.0464
0.7000 39.9665 0.0505
0.8000 44.5717 0.0546
0.9000 49.1307 0.0594
1.0000 53.9092 0.0654
#TI average gradients and standard deviation in kcal/mol
0.0000 65.4014 6.9975
0.1000 64.6643 7.0504
0.2000 61.8418 7.0657
0.3000 58.5940 7.0153
0.4000 55.7699 7.0661
0.5000 52.4483 7.3179
0.6000 49.4437 6.9206
0.7000 47.0026 7.2773
0.8000 45.6446 7.9159
0.9000 46.2343 9.2218
1.0000 50.3221 11.2453
#PMF from TI in kcal/mol
0.0000 0.0000
0.1000 6.5033
0.2000 12.8286
0.3000 18.8504
0.4000 24.5686
0.5000 29.9795
0.6000 35.0741
0.7000 39.8964
0.8000 44.5288
0.9000 49.1227
1.0000 53.9505
#MBAR free energy difference in kcal/mol: 
53.909154, 0.065371 
#TI free energy difference in kcal/mol: 
53.950527  
