# Analysing data contained in file(s) ['/home/jguven/projects/metalloenzymes/starmap/outputs/with_min/SOMD_1/lig_1~lig_14/unbound/lambda_0.0000/simfile.dat', '/home/jguven/projects/metalloenzymes/starmap/outputs/with_min/SOMD_1/lig_1~lig_14/unbound/lambda_0.1000/simfile.dat', '/home/jguven/projects/metalloenzymes/starmap/outputs/with_min/SOMD_1/lig_1~lig_14/unbound/lambda_0.2000/simfile.dat', '/home/jguven/projects/metalloenzymes/starmap/outputs/with_min/SOMD_1/lig_1~lig_14/unbound/lambda_0.3000/simfile.dat', '/home/jguven/projects/metalloenzymes/starmap/outputs/with_min/SOMD_1/lig_1~lig_14/unbound/lambda_0.4000/simfile.dat', '/home/jguven/projects/metalloenzymes/starmap/outputs/with_min/SOMD_1/lig_1~lig_14/unbound/lambda_0.5000/simfile.dat', '/home/jguven/projects/metalloenzymes/starmap/outputs/with_min/SOMD_1/lig_1~lig_14/unbound/lambda_0.6000/simfile.dat', '/home/jguven/projects/metalloenzymes/starmap/outputs/with_min/SOMD_1/lig_1~lig_14/unbound/lambda_0.7000/simfile.dat', '/home/jguven/projects/metalloenzymes/starmap/outputs/with_min/SOMD_1/lig_1~lig_14/unbound/lambda_0.8000/simfile.dat', '/home/jguven/projects/metalloenzymes/starmap/outputs/with_min/SOMD_1/lig_1~lig_14/unbound/lambda_0.9000/simfile.dat', '/home/jguven/projects/metalloenzymes/starmap/outputs/with_min/SOMD_1/lig_1~lig_14/unbound/lambda_1.0000/simfile.dat']
#Overlap matrix
0.7623 0.2245 0.0131 0.0001 0.0000 0.0000 0.0000 0.0000 0.0000 0.0000 0.0000
0.2245 0.5506 0.2115 0.0133 0.0001 0.0000 0.0000 0.0000 0.0000 0.0000 0.0000
0.0131 0.2115 0.5420 0.2191 0.0140 0.0002 0.0000 0.0000 0.0000 0.0000 0.0000
0.0001 0.0133 0.2191 0.5349 0.2162 0.0161 0.0002 0.0000 0.0000 0.0000 0.0000
0.0000 0.0001 0.0140 0.2162 0.5320 0.2192 0.0182 0.0003 0.0000 0.0000 0.0000
0.0000 0.0000 0.0002 0.0161 0.2192 0.5198 0.2275 0.0170 0.0002 0.0000 0.0000
0.0000 0.0000 0.0000 0.0002 0.0182 0.2275 0.5239 0.2162 0.0139 0.0001 0.0000
0.0000 0.0000 0.0000 0.0000 0.0003 0.0170 0.2162 0.5467 0.2110 0.0088 0.0000
0.0000 0.0000 0.0000 0.0000 0.0000 0.0002 0.0139 0.2110 0.5992 0.1733 0.0023
0.0000 0.0000 0.0000 0.0000 0.0000 0.0000 0.0001 0.0088 0.1733 0.6998 0.1179
0.0000 0.0000 0.0000 0.0000 0.0000 0.0000 0.0000 0.0000 0.0023 0.1179 0.8798
#DG from neighbouring lambda in kcal/mol
0.0000 0.1000 7.9431 0.0293
0.1000 0.2000 7.4292 0.0293
0.2000 0.3000 6.8442 0.0283
0.3000 0.4000 6.2232 0.0284
0.4000 0.5000 5.6245 0.0276
0.5000 0.6000 5.0659 0.0266
0.6000 0.7000 4.5245 0.0283
0.7000 0.8000 4.2067 0.0298
0.8000 0.9000 4.4369 0.0364
0.9000 1.0000 5.3652 0.0494
#PMF from MBAR in kcal/mol
0.0000 0.0000 0.0000
0.1000 7.9431 0.0293
0.2000 15.3724 0.0481
0.3000 22.2166 0.0610
0.4000 28.4398 0.0716
0.5000 34.0643 0.0804
0.6000 39.1302 0.0879
0.7000 43.6547 0.0955
0.8000 47.8614 0.1029
0.9000 52.2983 0.1120
1.0000 57.6635 0.1252
#TI average gradients and standard deviation in kcal/mol
0.0000 78.4413 12.3020
0.1000 76.7706 12.4126
0.2000 71.6308 12.0539
0.3000 65.4599 11.7098
0.4000 59.3244 11.6299
0.5000 53.5053 11.4474
0.6000 47.6319 11.3908
0.7000 42.9696 11.7988
0.8000 41.8925 12.9197
0.9000 47.8006 15.9189
1.0000 61.5975 19.8333
#PMF from TI in kcal/mol
0.0000 0.0000
0.1000 7.7606
0.2000 15.1807
0.3000 22.0352
0.4000 28.2744
0.5000 33.9159
0.6000 38.9728
0.7000 43.5028
0.8000 47.7459
0.9000 52.2306
1.0000 57.7005
#MBAR free energy difference in kcal/mol: 
57.663500, 0.125196 
#TI free energy difference in kcal/mol: 
57.700499  
