# Analysing data contained in file(s) ['/home/jguven/projects/metalloenzymes/starmap/outputs/no_min/SOMD_1/lig_1~lig_16/unbound/lambda_0.0000/simfile.dat', '/home/jguven/projects/metalloenzymes/starmap/outputs/no_min/SOMD_1/lig_1~lig_16/unbound/lambda_0.1000/simfile.dat', '/home/jguven/projects/metalloenzymes/starmap/outputs/no_min/SOMD_1/lig_1~lig_16/unbound/lambda_0.2000/simfile.dat', '/home/jguven/projects/metalloenzymes/starmap/outputs/no_min/SOMD_1/lig_1~lig_16/unbound/lambda_0.3000/simfile.dat', '/home/jguven/projects/metalloenzymes/starmap/outputs/no_min/SOMD_1/lig_1~lig_16/unbound/lambda_0.4000/simfile.dat', '/home/jguven/projects/metalloenzymes/starmap/outputs/no_min/SOMD_1/lig_1~lig_16/unbound/lambda_0.5000/simfile.dat', '/home/jguven/projects/metalloenzymes/starmap/outputs/no_min/SOMD_1/lig_1~lig_16/unbound/lambda_0.6000/simfile.dat', '/home/jguven/projects/metalloenzymes/starmap/outputs/no_min/SOMD_1/lig_1~lig_16/unbound/lambda_0.7000/simfile.dat', '/home/jguven/projects/metalloenzymes/starmap/outputs/no_min/SOMD_1/lig_1~lig_16/unbound/lambda_0.8000/simfile.dat', '/home/jguven/projects/metalloenzymes/starmap/outputs/no_min/SOMD_1/lig_1~lig_16/unbound/lambda_0.9000/simfile.dat', '/home/jguven/projects/metalloenzymes/starmap/outputs/no_min/SOMD_1/lig_1~lig_16/unbound/lambda_1.0000/simfile.dat']
#Overlap matrix
0.6497 0.2876 0.0582 0.0044 0.0001 0.0000 0.0000 0.0000 0.0000 0.0000 0.0000
0.2876 0.4147 0.2426 0.0509 0.0042 0.0001 0.0000 0.0000 0.0000 0.0000 0.0000
0.0582 0.2426 0.4000 0.2402 0.0544 0.0045 0.0001 0.0000 0.0000 0.0000 0.0000
0.0044 0.0509 0.2402 0.4027 0.2432 0.0540 0.0045 0.0001 0.0000 0.0000 0.0000
0.0001 0.0042 0.0544 0.2432 0.3972 0.2421 0.0545 0.0042 0.0001 0.0000 0.0000
0.0000 0.0001 0.0045 0.0540 0.2421 0.4012 0.2427 0.0516 0.0037 0.0001 0.0000
0.0000 0.0000 0.0001 0.0045 0.0545 0.2427 0.4042 0.2417 0.0487 0.0035 0.0001
0.0000 0.0000 0.0000 0.0001 0.0042 0.0516 0.2417 0.4086 0.2406 0.0498 0.0034
0.0000 0.0000 0.0000 0.0000 0.0001 0.0037 0.0487 0.2406 0.4139 0.2448 0.0481
0.0000 0.0000 0.0000 0.0000 0.0000 0.0001 0.0035 0.0498 0.2448 0.4308 0.2711
0.0000 0.0000 0.0000 0.0000 0.0000 0.0000 0.0001 0.0034 0.0481 0.2711 0.6774
#DG from neighbouring lambda in kcal/mol
0.0000 0.1000 6.4333 0.0188
0.1000 0.2000 5.9095 0.0188
0.2000 0.3000 5.3268 0.0189
0.3000 0.4000 4.7816 0.0184
0.4000 0.5000 4.2428 0.0185
0.5000 0.6000 3.7064 0.0187
0.6000 0.7000 3.1352 0.0192
0.7000 0.8000 2.5276 0.0194
0.8000 0.9000 1.9347 0.0194
0.9000 1.0000 1.3541 0.0209
#PMF from MBAR in kcal/mol
0.0000 0.0000 0.0000
0.1000 6.4333 0.0188
0.2000 12.3428 0.0326
0.3000 17.6696 0.0428
0.4000 22.4512 0.0507
0.5000 26.6940 0.0576
0.6000 30.4004 0.0637
0.7000 33.5356 0.0695
0.8000 36.0632 0.0750
0.9000 37.9979 0.0801
1.0000 39.3520 0.0853
#TI average gradients and standard deviation in kcal/mol
0.0000 66.3209 8.7456
0.1000 61.7021 8.6619
0.2000 56.0969 8.6720
0.3000 50.8132 8.8580
0.4000 45.1445 8.6530
0.5000 39.9291 8.7991
0.6000 34.2223 8.9210
0.7000 28.2446 9.0284
0.8000 22.3397 9.1582
0.9000 16.3461 9.2389
1.0000 10.7992 9.3933
#PMF from TI in kcal/mol
0.0000 0.0000
0.1000 6.4011
0.2000 12.2911
0.3000 17.6366
0.4000 22.4345
0.5000 26.6882
0.6000 30.3957
0.7000 33.5191
0.8000 36.0483
0.9000 37.9826
1.0000 39.3399
#MBAR free energy difference in kcal/mol: 
39.352009, 0.085312 
#TI free energy difference in kcal/mol: 
39.339855  
