# Analysing data contained in file(s) ['/home/jguven/projects/metalloenzymes/kpc2/outputs/SOMD/lig_16~lig_9/unbound/lambda_0.0000/simfile.dat', '/home/jguven/projects/metalloenzymes/kpc2/outputs/SOMD/lig_16~lig_9/unbound/lambda_0.1000/simfile.dat', '/home/jguven/projects/metalloenzymes/kpc2/outputs/SOMD/lig_16~lig_9/unbound/lambda_0.2000/simfile.dat', '/home/jguven/projects/metalloenzymes/kpc2/outputs/SOMD/lig_16~lig_9/unbound/lambda_0.3000/simfile.dat', '/home/jguven/projects/metalloenzymes/kpc2/outputs/SOMD/lig_16~lig_9/unbound/lambda_0.4000/simfile.dat', '/home/jguven/projects/metalloenzymes/kpc2/outputs/SOMD/lig_16~lig_9/unbound/lambda_0.5000/simfile.dat', '/home/jguven/projects/metalloenzymes/kpc2/outputs/SOMD/lig_16~lig_9/unbound/lambda_0.6000/simfile.dat', '/home/jguven/projects/metalloenzymes/kpc2/outputs/SOMD/lig_16~lig_9/unbound/lambda_0.7000/simfile.dat', '/home/jguven/projects/metalloenzymes/kpc2/outputs/SOMD/lig_16~lig_9/unbound/lambda_0.8000/simfile.dat', '/home/jguven/projects/metalloenzymes/kpc2/outputs/SOMD/lig_16~lig_9/unbound/lambda_0.9000/simfile.dat', '/home/jguven/projects/metalloenzymes/kpc2/outputs/SOMD/lig_16~lig_9/unbound/lambda_1.0000/simfile.dat']
#Overlap matrix
0.8933 0.1040 0.0026 0.0000 0.0000 0.0000 0.0000 0.0000 0.0000 0.0000 0.0000
0.1040 0.7304 0.1600 0.0053 0.0001 0.0000 0.0000 0.0000 0.0000 0.0000 0.0001
0.0026 0.1600 0.6724 0.1557 0.0070 0.0003 0.0000 0.0000 0.0004 0.0009 0.0007
0.0000 0.0053 0.1557 0.6629 0.1667 0.0057 0.0000 0.0002 0.0017 0.0012 0.0003
0.0000 0.0001 0.0070 0.1667 0.7520 0.0695 0.0005 0.0015 0.0022 0.0005 0.0001
0.0000 0.0000 0.0003 0.0057 0.0695 0.7812 0.1220 0.0189 0.0021 0.0001 0.0000
0.0000 0.0000 0.0000 0.0000 0.0005 0.1220 0.7949 0.0820 0.0005 0.0000 0.0000
0.0000 0.0000 0.0000 0.0002 0.0015 0.0189 0.0820 0.8368 0.0599 0.0006 0.0000
0.0000 0.0000 0.0004 0.0017 0.0022 0.0021 0.0005 0.0599 0.8252 0.1058 0.0021
0.0000 0.0000 0.0009 0.0012 0.0005 0.0001 0.0000 0.0006 0.1058 0.7558 0.1350
0.0000 0.0001 0.0007 0.0003 0.0001 0.0000 0.0000 0.0000 0.0021 0.1350 0.8616
#DG from neighbouring lambda in kcal/mol
0.0000 0.1000 -2.2323 0.0507
0.1000 0.2000 -0.3319 0.0371
0.2000 0.3000 -0.6046 0.0368
0.3000 0.4000 -1.2015 0.0347
0.4000 0.5000 -1.4723 0.0590
0.5000 0.6000 -2.5250 0.0416
0.6000 0.7000 1.1613 0.0510
0.7000 0.8000 1.7571 0.0659
0.8000 0.9000 1.1572 0.0492
0.9000 1.0000 0.8929 0.0427
#PMF from MBAR in kcal/mol
0.0000 0.0000 0.0000
0.1000 -2.2323 0.0507
0.2000 -2.5642 0.0674
0.3000 -3.1688 0.0804
0.4000 -4.3703 0.0904
0.5000 -5.8426 0.1086
0.6000 -8.3676 0.1172
0.7000 -7.2063 0.1230
0.8000 -5.4492 0.1338
0.9000 -4.2920 0.1419
1.0000 -3.3991 0.1494
#TI average gradients and standard deviation in kcal/mol
0.0000 -50.4813 21.6402
0.1000 -8.4047 16.9541
0.2000 -2.3572 14.6752
0.3000 -11.1322 15.3946
0.4000 -9.8755 15.8832
0.5000 -30.5936 25.2355
0.6000 -4.2081 17.4118
0.7000 18.6368 22.5179
0.8000 14.5322 20.6160
0.9000 8.5119 16.9666
1.0000 19.7054 17.4947
#PMF from TI in kcal/mol
0.0000 0.0000
0.1000 -2.9443
0.2000 -3.4824
0.3000 -4.1569
0.4000 -5.2073
0.5000 -7.2307
0.6000 -8.9708
0.7000 -8.2494
0.8000 -6.5909
0.9000 -5.4387
1.0000 -4.0278
#MBAR free energy difference in kcal/mol: 
-3.399059, 0.149356 
#TI free energy difference in kcal/mol: 
-4.027846  
