# Analysing data contained in file(s) ['/home/jguven/projects/metalloenzymes/starmap/outputs/with_min/SOMD_1/lig_1~lig_16/unbound/lambda_0.0000/simfile.dat', '/home/jguven/projects/metalloenzymes/starmap/outputs/with_min/SOMD_1/lig_1~lig_16/unbound/lambda_0.1000/simfile.dat', '/home/jguven/projects/metalloenzymes/starmap/outputs/with_min/SOMD_1/lig_1~lig_16/unbound/lambda_0.2000/simfile.dat', '/home/jguven/projects/metalloenzymes/starmap/outputs/with_min/SOMD_1/lig_1~lig_16/unbound/lambda_0.3000/simfile.dat', '/home/jguven/projects/metalloenzymes/starmap/outputs/with_min/SOMD_1/lig_1~lig_16/unbound/lambda_0.4000/simfile.dat', '/home/jguven/projects/metalloenzymes/starmap/outputs/with_min/SOMD_1/lig_1~lig_16/unbound/lambda_0.5000/simfile.dat', '/home/jguven/projects/metalloenzymes/starmap/outputs/with_min/SOMD_1/lig_1~lig_16/unbound/lambda_0.6000/simfile.dat', '/home/jguven/projects/metalloenzymes/starmap/outputs/with_min/SOMD_1/lig_1~lig_16/unbound/lambda_0.7000/simfile.dat', '/home/jguven/projects/metalloenzymes/starmap/outputs/with_min/SOMD_1/lig_1~lig_16/unbound/lambda_0.8000/simfile.dat', '/home/jguven/projects/metalloenzymes/starmap/outputs/with_min/SOMD_1/lig_1~lig_16/unbound/lambda_0.9000/simfile.dat', '/home/jguven/projects/metalloenzymes/starmap/outputs/with_min/SOMD_1/lig_1~lig_16/unbound/lambda_1.0000/simfile.dat']
#Overlap matrix
0.7089 0.2361 0.0505 0.0043 0.0001 0.0000 0.0000 0.0000 0.0000 0.0000 0.0000
0.3305 0.3774 0.2330 0.0543 0.0047 0.0001 0.0000 0.0000 0.0000 0.0000 0.0000
0.0708 0.2330 0.3926 0.2438 0.0552 0.0044 0.0001 0.0000 0.0000 0.0000 0.0000
0.0061 0.0543 0.2438 0.3980 0.2408 0.0527 0.0042 0.0001 0.0000 0.0000 0.0000
0.0002 0.0047 0.0552 0.2408 0.3997 0.2417 0.0534 0.0042 0.0001 0.0000 0.0000
0.0000 0.0001 0.0044 0.0527 0.2417 0.4019 0.2431 0.0522 0.0038 0.0001 0.0000
0.0000 0.0000 0.0001 0.0042 0.0534 0.2431 0.4042 0.2420 0.0495 0.0033 0.0001
0.0000 0.0000 0.0000 0.0001 0.0042 0.0522 0.2420 0.4105 0.2406 0.0473 0.0031
0.0000 0.0000 0.0000 0.0000 0.0001 0.0038 0.0495 0.2406 0.4156 0.2424 0.0479
0.0000 0.0000 0.0000 0.0000 0.0000 0.0001 0.0033 0.0473 0.2424 0.4323 0.2746
0.0000 0.0000 0.0000 0.0000 0.0000 0.0000 0.0001 0.0031 0.0479 0.2746 0.6743
#DG from neighbouring lambda in kcal/mol
0.0000 0.1000 6.4333 0.0089
0.1000 0.2000 5.8797 0.0092
0.2000 0.3000 5.3461 0.0091
0.3000 0.4000 4.8171 0.0093
0.4000 0.5000 4.2610 0.0094
0.5000 0.6000 3.7127 0.0094
0.6000 0.7000 3.1489 0.0096
0.7000 0.8000 2.5481 0.0098
0.8000 0.9000 1.9231 0.0099
0.9000 1.0000 1.3345 0.0103
#PMF from MBAR in kcal/mol
0.0000 0.0000 0.0000
0.1000 6.4333 0.0089
0.2000 12.3131 0.0158
0.3000 17.6592 0.0208
0.4000 22.4763 0.0249
0.5000 26.7373 0.0285
0.6000 30.4500 0.0316
0.7000 33.5989 0.0345
0.8000 36.1470 0.0373
0.9000 38.0701 0.0400
1.0000 39.4045 0.0425
#TI average gradients and standard deviation in kcal/mol
0.0000 66.5453 8.5736
0.1000 43.9683 28.7898
0.2000 40.0578 26.4050
0.3000 36.4268 24.1743
0.4000 32.3009 21.7542
0.5000 28.6088 19.5832
0.6000 24.5729 17.2137
0.7000 20.4351 14.9236
0.8000 15.8524 12.6733
0.9000 11.5932 10.6932
1.0000 7.7947 9.2792
#PMF from TI in kcal/mol
0.0000 0.0000
0.1000 5.5257
0.2000 9.7270
0.3000 13.5512
0.4000 16.9876
0.5000 20.0331
0.6000 22.6922
0.7000 24.9426
0.8000 26.7569
0.9000 28.1292
1.0000 29.0986
#MBAR free energy difference in kcal/mol: 
39.404526, 0.042543  #WARNING SUBSAMPLING DISABLED, CONSIDER RERUN WITH SUBSAMPLING OPTION
#TI free energy difference in kcal/mol: 
29.098629  #WARNING SUBSAMPLING DISABLED, CONSIDER RERUN WITH SUBSAMPLING OPTION 
