# Analysing data contained in file(s) ['/home/jguven/projects/metalloenzymes/kpc2/outputs/SOMD/lig_4~lig_6/bound/lambda_0.0000/simfile.dat', '/home/jguven/projects/metalloenzymes/kpc2/outputs/SOMD/lig_4~lig_6/bound/lambda_0.1000/simfile.dat', '/home/jguven/projects/metalloenzymes/kpc2/outputs/SOMD/lig_4~lig_6/bound/lambda_0.2000/simfile.dat', '/home/jguven/projects/metalloenzymes/kpc2/outputs/SOMD/lig_4~lig_6/bound/lambda_0.3000/simfile.dat', '/home/jguven/projects/metalloenzymes/kpc2/outputs/SOMD/lig_4~lig_6/bound/lambda_0.4000/simfile.dat', '/home/jguven/projects/metalloenzymes/kpc2/outputs/SOMD/lig_4~lig_6/bound/lambda_0.5000/simfile.dat', '/home/jguven/projects/metalloenzymes/kpc2/outputs/SOMD/lig_4~lig_6/bound/lambda_0.6000/simfile.dat', '/home/jguven/projects/metalloenzymes/kpc2/outputs/SOMD/lig_4~lig_6/bound/lambda_0.7000/simfile.dat', '/home/jguven/projects/metalloenzymes/kpc2/outputs/SOMD/lig_4~lig_6/bound/lambda_0.8000/simfile.dat', '/home/jguven/projects/metalloenzymes/kpc2/outputs/SOMD/lig_4~lig_6/bound/lambda_0.9000/simfile.dat', '/home/jguven/projects/metalloenzymes/kpc2/outputs/SOMD/lig_4~lig_6/bound/lambda_1.0000/simfile.dat']
#Overlap matrix
0.8109 0.1849 0.0042 0.0000 0.0000 0.0000 0.0000 0.0000 0.0000 0.0000 0.0000
0.1849 0.6309 0.1813 0.0029 0.0000 0.0000 0.0000 0.0000 0.0000 0.0000 0.0000
0.0042 0.1813 0.6520 0.1600 0.0025 0.0000 0.0000 0.0000 0.0000 0.0000 0.0000
0.0000 0.0029 0.1600 0.6724 0.1636 0.0011 0.0000 0.0000 0.0000 0.0000 0.0000
0.0000 0.0000 0.0025 0.1636 0.6973 0.1360 0.0007 0.0000 0.0000 0.0000 0.0000
0.0000 0.0000 0.0000 0.0011 0.1360 0.7329 0.1295 0.0005 0.0000 0.0000 0.0000
0.0000 0.0000 0.0000 0.0000 0.0007 0.1295 0.7423 0.1272 0.0004 0.0000 0.0000
0.0000 0.0000 0.0000 0.0000 0.0000 0.0005 0.1272 0.7543 0.1179 0.0002 0.0000
0.0000 0.0000 0.0000 0.0000 0.0000 0.0000 0.0004 0.1179 0.7777 0.1040 0.0001
0.0000 0.0000 0.0000 0.0000 0.0000 0.0000 0.0000 0.0002 0.1040 0.8024 0.0935
0.0000 0.0000 0.0000 0.0000 0.0000 0.0000 0.0000 0.0000 0.0001 0.0935 0.9064
#DG from neighbouring lambda in kcal/mol
0.0000 0.1000 0.6881 0.0359
0.1000 0.2000 0.5012 0.0360
0.2000 0.3000 0.3708 0.0398
0.3000 0.4000 0.4440 0.0395
0.4000 0.5000 0.3124 0.0454
0.5000 0.6000 0.2235 0.0471
0.6000 0.7000 0.2381 0.0477
0.7000 0.8000 0.3623 0.0503
0.8000 0.9000 0.4057 0.0545
0.9000 1.0000 0.4254 0.0583
#PMF from MBAR in kcal/mol
0.0000 0.0000 0.0000
0.1000 0.6881 0.0359
0.2000 1.1893 0.0573
0.3000 1.5601 0.0747
0.4000 2.0041 0.0886
0.5000 2.3165 0.1033
0.6000 2.5400 0.1167
0.7000 2.7781 0.1291
0.8000 3.1403 0.1413
0.9000 3.5460 0.1540
1.0000 3.9714 0.1670
#TI average gradients and standard deviation in kcal/mol
0.0000 9.5697 12.9859
0.1000 4.3491 13.5131
0.2000 5.0425 14.1023
0.3000 3.8277 14.6109
0.4000 5.2467 15.6220
0.5000 1.8354 15.9676
0.6000 2.6866 17.0219
0.7000 2.6075 17.5302
0.8000 3.6830 18.1011
0.9000 3.6060 18.5460
1.0000 2.8090 20.1980
#PMF from TI in kcal/mol
0.0000 0.0000
0.1000 0.6959
0.2000 1.1655
0.3000 1.6090
0.4000 2.0628
0.5000 2.4169
0.6000 2.6430
0.7000 2.9077
0.8000 3.2222
0.9000 3.5866
1.0000 3.9074
#MBAR free energy difference in kcal/mol: 
3.971400, 0.166977 
#TI free energy difference in kcal/mol: 
3.907392  
