# Analysing data contained in file(s) ['/home/jguven/projects/metalloenzymes/starmap/outputs/with_min/SOMD_2/lig_1~lig_12/bound/lambda_0.0000/simfile.dat', '/home/jguven/projects/metalloenzymes/starmap/outputs/with_min/SOMD_2/lig_1~lig_12/bound/lambda_0.1000/simfile.dat', '/home/jguven/projects/metalloenzymes/starmap/outputs/with_min/SOMD_2/lig_1~lig_12/bound/lambda_0.2000/simfile.dat', '/home/jguven/projects/metalloenzymes/starmap/outputs/with_min/SOMD_2/lig_1~lig_12/bound/lambda_0.3000/simfile.dat', '/home/jguven/projects/metalloenzymes/starmap/outputs/with_min/SOMD_2/lig_1~lig_12/bound/lambda_0.4000/simfile.dat', '/home/jguven/projects/metalloenzymes/starmap/outputs/with_min/SOMD_2/lig_1~lig_12/bound/lambda_0.5000/simfile.dat', '/home/jguven/projects/metalloenzymes/starmap/outputs/with_min/SOMD_2/lig_1~lig_12/bound/lambda_0.6000/simfile.dat', '/home/jguven/projects/metalloenzymes/starmap/outputs/with_min/SOMD_2/lig_1~lig_12/bound/lambda_0.7000/simfile.dat', '/home/jguven/projects/metalloenzymes/starmap/outputs/with_min/SOMD_2/lig_1~lig_12/bound/lambda_0.8000/simfile.dat', '/home/jguven/projects/metalloenzymes/starmap/outputs/with_min/SOMD_2/lig_1~lig_12/bound/lambda_0.9000/simfile.dat', '/home/jguven/projects/metalloenzymes/starmap/outputs/with_min/SOMD_2/lig_1~lig_12/bound/lambda_1.0000/simfile.dat']
#Overlap matrix
0.5660 0.2981 0.1065 0.0254 0.0037 0.0003 0.0000 0.0000 0.0000 0.0000 0.0000
0.2981 0.3348 0.2353 0.1020 0.0258 0.0037 0.0003 0.0000 0.0000 0.0000 0.0000
0.1065 0.2353 0.3026 0.2294 0.0991 0.0236 0.0033 0.0003 0.0000 0.0000 0.0000
0.0254 0.1020 0.2294 0.3014 0.2276 0.0917 0.0200 0.0023 0.0002 0.0000 0.0000
0.0037 0.0258 0.0991 0.2276 0.3180 0.2335 0.0777 0.0130 0.0014 0.0001 0.0000
0.0003 0.0037 0.0236 0.0917 0.2335 0.3552 0.2254 0.0573 0.0086 0.0007 0.0000
0.0000 0.0003 0.0033 0.0200 0.0777 0.2254 0.3988 0.2215 0.0482 0.0046 0.0002
0.0000 0.0000 0.0003 0.0023 0.0130 0.0573 0.2215 0.4467 0.2276 0.0301 0.0012
0.0000 0.0000 0.0000 0.0002 0.0014 0.0086 0.0482 0.2276 0.5019 0.2001 0.0120
0.0000 0.0000 0.0000 0.0000 0.0001 0.0007 0.0046 0.0301 0.2001 0.6018 0.1626
0.0000 0.0000 0.0000 0.0000 0.0000 0.0000 0.0002 0.0012 0.0120 0.1626 0.8241
#DG from neighbouring lambda in kcal/mol
0.0000 0.1000 2.5198 0.0140
0.1000 0.2000 2.3982 0.0124
0.2000 0.3000 2.2716 0.0120
0.3000 0.4000 2.1712 0.0126
0.4000 0.5000 2.1513 0.0138
0.5000 0.6000 2.2329 0.0168
0.6000 0.7000 2.3218 0.0197
0.7000 0.8000 2.5844 0.0218
0.8000 0.9000 3.1505 0.0281
0.9000 1.0000 4.2601 0.0373
#PMF from MBAR in kcal/mol
0.0000 0.0000 0.0000
0.1000 2.5198 0.0140
0.2000 4.9181 0.0239
0.3000 7.1896 0.0311
0.4000 9.3608 0.0373
0.5000 11.5121 0.0430
0.6000 13.7450 0.0491
0.7000 16.0669 0.0559
0.8000 18.6512 0.0627
0.9000 21.8018 0.0717
1.0000 26.0619 0.0840
#TI average gradients and standard deviation in kcal/mol
0.0000 22.4533 6.5370
0.1000 23.9838 6.5316
0.2000 23.5601 6.3928
0.3000 23.0145 6.5225
0.4000 20.5711 6.7491
0.5000 22.1597 7.7929
0.6000 22.6526 9.4549
0.7000 23.1931 10.1706
0.8000 28.0541 11.0770
0.9000 36.1552 13.6172
1.0000 50.6902 16.6485
#PMF from TI in kcal/mol
0.0000 0.0000
0.1000 2.3219
0.2000 4.6991
0.3000 7.0278
0.4000 9.2071
0.5000 11.3436
0.6000 13.5842
0.7000 15.8765
0.8000 18.4389
0.9000 21.6493
1.0000 25.9916
#MBAR free energy difference in kcal/mol: 
26.061898, 0.084007 
#TI free energy difference in kcal/mol: 
25.991607  
