# Analysing data contained in file(s) ['/home/jguven/projects/metalloenzymes/starmap/outputs/with_min/SOMD_3/lig_1~lig_7/bound/lambda_0.0000/simfile.dat', '/home/jguven/projects/metalloenzymes/starmap/outputs/with_min/SOMD_3/lig_1~lig_7/bound/lambda_0.1000/simfile.dat', '/home/jguven/projects/metalloenzymes/starmap/outputs/with_min/SOMD_3/lig_1~lig_7/bound/lambda_0.2000/simfile.dat', '/home/jguven/projects/metalloenzymes/starmap/outputs/with_min/SOMD_3/lig_1~lig_7/bound/lambda_0.3000/simfile.dat', '/home/jguven/projects/metalloenzymes/starmap/outputs/with_min/SOMD_3/lig_1~lig_7/bound/lambda_0.4000/simfile.dat', '/home/jguven/projects/metalloenzymes/starmap/outputs/with_min/SOMD_3/lig_1~lig_7/bound/lambda_0.5000/simfile.dat', '/home/jguven/projects/metalloenzymes/starmap/outputs/with_min/SOMD_3/lig_1~lig_7/bound/lambda_0.6000/simfile.dat', '/home/jguven/projects/metalloenzymes/starmap/outputs/with_min/SOMD_3/lig_1~lig_7/bound/lambda_0.7000/simfile.dat', '/home/jguven/projects/metalloenzymes/starmap/outputs/with_min/SOMD_3/lig_1~lig_7/bound/lambda_0.8000/simfile.dat', '/home/jguven/projects/metalloenzymes/starmap/outputs/with_min/SOMD_3/lig_1~lig_7/bound/lambda_0.9000/simfile.dat', '/home/jguven/projects/metalloenzymes/starmap/outputs/with_min/SOMD_3/lig_1~lig_7/bound/lambda_1.0000/simfile.dat']
#Overlap matrix
0.7756 0.2129 0.0113 0.0002 0.0000 0.0000 0.0000 0.0000 0.0000 0.0000 0.0000
0.2129 0.5800 0.1980 0.0088 0.0003 0.0000 0.0000 0.0000 0.0000 0.0000 0.0000
0.0113 0.1980 0.6137 0.1641 0.0122 0.0005 0.0001 0.0001 0.0000 0.0000 0.0000
0.0002 0.0088 0.1641 0.6155 0.2001 0.0100 0.0007 0.0005 0.0001 0.0000 0.0000
0.0000 0.0003 0.0122 0.2001 0.6254 0.1509 0.0099 0.0012 0.0001 0.0000 0.0000
0.0000 0.0000 0.0005 0.0100 0.1509 0.6684 0.1647 0.0054 0.0001 0.0000 0.0000
0.0000 0.0000 0.0001 0.0007 0.0099 0.1647 0.7420 0.0816 0.0010 0.0000 0.0000
0.0000 0.0000 0.0001 0.0005 0.0012 0.0054 0.0816 0.8219 0.0886 0.0008 0.0000
0.0000 0.0000 0.0000 0.0001 0.0001 0.0001 0.0010 0.0886 0.8179 0.0914 0.0008
0.0000 0.0000 0.0000 0.0000 0.0000 0.0000 0.0000 0.0008 0.0914 0.8039 0.1039
0.0000 0.0000 0.0000 0.0000 0.0000 0.0000 0.0000 0.0000 0.0008 0.1039 0.8953
#DG from neighbouring lambda in kcal/mol
0.0000 0.1000 8.8252 0.0362
0.1000 0.2000 7.8482 0.0371
0.2000 0.3000 6.3295 0.0425
0.3000 0.4000 5.4544 0.0363
0.4000 0.5000 4.8370 0.0449
0.5000 0.6000 4.6825 0.0431
0.6000 0.7000 5.3992 0.0696
0.7000 0.8000 5.0087 0.0692
0.8000 0.9000 4.2424 0.0681
0.9000 1.0000 3.0541 0.0632
#PMF from MBAR in kcal/mol
0.0000 0.0000 0.0000
0.1000 8.8252 0.0362
0.2000 16.6733 0.0591
0.3000 23.0028 0.0782
0.4000 28.4572 0.0904
0.5000 33.2942 0.1045
0.6000 37.9766 0.1158
0.7000 43.3758 0.1368
0.8000 48.3845 0.1561
0.9000 52.6269 0.1731
1.0000 55.6810 0.1869
#TI average gradients and standard deviation in kcal/mol
0.0000 82.8231 13.3916
0.1000 83.1356 12.3160
0.2000 72.2444 13.4381
0.3000 53.2393 13.9682
0.4000 52.0795 14.3488
0.5000 47.3871 15.6726
0.6000 51.4251 15.9098
0.7000 51.6186 19.1201
0.8000 46.0135 19.9579
0.9000 36.5372 16.0819
1.0000 26.5932 17.9236
#PMF from TI in kcal/mol
0.0000 0.0000
0.1000 8.2979
0.2000 16.0669
0.3000 22.3411
0.4000 27.6071
0.5000 32.5804
0.6000 37.5210
0.7000 42.6732
0.8000 47.5548
0.9000 51.6823
1.0000 54.8388
#MBAR free energy difference in kcal/mol: 
55.680965, 0.186933 
#TI free energy difference in kcal/mol: 
54.838839  
