# Analysing data contained in file(s) ['/home/jguven/projects/metalloenzymes/kpc2/outputs/SOMD/lig_3~lig_6/unbound/lambda_0.0000/simfile.dat', '/home/jguven/projects/metalloenzymes/kpc2/outputs/SOMD/lig_3~lig_6/unbound/lambda_0.0625/simfile.dat', '/home/jguven/projects/metalloenzymes/kpc2/outputs/SOMD/lig_3~lig_6/unbound/lambda_0.1250/simfile.dat', '/home/jguven/projects/metalloenzymes/kpc2/outputs/SOMD/lig_3~lig_6/unbound/lambda_0.1875/simfile.dat', '/home/jguven/projects/metalloenzymes/kpc2/outputs/SOMD/lig_3~lig_6/unbound/lambda_0.2500/simfile.dat', '/home/jguven/projects/metalloenzymes/kpc2/outputs/SOMD/lig_3~lig_6/unbound/lambda_0.3125/simfile.dat', '/home/jguven/projects/metalloenzymes/kpc2/outputs/SOMD/lig_3~lig_6/unbound/lambda_0.3750/simfile.dat', '/home/jguven/projects/metalloenzymes/kpc2/outputs/SOMD/lig_3~lig_6/unbound/lambda_0.4375/simfile.dat', '/home/jguven/projects/metalloenzymes/kpc2/outputs/SOMD/lig_3~lig_6/unbound/lambda_0.5000/simfile.dat', '/home/jguven/projects/metalloenzymes/kpc2/outputs/SOMD/lig_3~lig_6/unbound/lambda_0.5625/simfile.dat', '/home/jguven/projects/metalloenzymes/kpc2/outputs/SOMD/lig_3~lig_6/unbound/lambda_0.6250/simfile.dat', '/home/jguven/projects/metalloenzymes/kpc2/outputs/SOMD/lig_3~lig_6/unbound/lambda_0.6875/simfile.dat', '/home/jguven/projects/metalloenzymes/kpc2/outputs/SOMD/lig_3~lig_6/unbound/lambda_0.7500/simfile.dat', '/home/jguven/projects/metalloenzymes/kpc2/outputs/SOMD/lig_3~lig_6/unbound/lambda_0.8125/simfile.dat', '/home/jguven/projects/metalloenzymes/kpc2/outputs/SOMD/lig_3~lig_6/unbound/lambda_0.8750/simfile.dat', '/home/jguven/projects/metalloenzymes/kpc2/outputs/SOMD/lig_3~lig_6/unbound/lambda_0.9375/simfile.dat', '/home/jguven/projects/metalloenzymes/kpc2/outputs/SOMD/lig_3~lig_6/unbound/lambda_1.0000/simfile.dat']
#Overlap matrix
0.5786 0.2841 0.1013 0.0280 0.0064 0.0013 0.0002 0.0000 0.0000 0.0000 0.0000 0.0000 0.0000 0.0000 0.0000 0.0000 0.0000
0.2841 0.3393 0.2301 0.1013 0.0338 0.0091 0.0019 0.0003 0.0000 0.0000 0.0000 0.0000 0.0000 0.0000 0.0000 0.0000 0.0000
0.1013 0.2301 0.2896 0.2150 0.1083 0.0408 0.0118 0.0026 0.0004 0.0000 0.0000 0.0000 0.0000 0.0000 0.0000 0.0000 0.0000
0.0280 0.1013 0.2150 0.2674 0.2099 0.1149 0.0462 0.0138 0.0030 0.0005 0.0001 0.0000 0.0000 0.0000 0.0000 0.0000 0.0000
0.0064 0.0338 0.1083 0.2099 0.2527 0.2041 0.1170 0.0489 0.0149 0.0033 0.0005 0.0001 0.0000 0.0000 0.0000 0.0000 0.0000
0.0013 0.0091 0.0408 0.1149 0.2041 0.2419 0.1998 0.1181 0.0505 0.0156 0.0034 0.0005 0.0001 0.0000 0.0000 0.0000 0.0000
0.0002 0.0019 0.0118 0.0462 0.1170 0.1998 0.2361 0.1977 0.1186 0.0510 0.0157 0.0034 0.0005 0.0001 0.0000 0.0000 0.0000
0.0000 0.0003 0.0026 0.0138 0.0489 0.1181 0.1977 0.2334 0.1965 0.1184 0.0509 0.0155 0.0033 0.0005 0.0001 0.0000 0.0000
0.0000 0.0000 0.0004 0.0030 0.0149 0.0505 0.1186 0.1965 0.2322 0.1963 0.1184 0.0504 0.0150 0.0031 0.0005 0.0000 0.0000
0.0000 0.0000 0.0000 0.0005 0.0033 0.0156 0.0510 0.1184 0.1963 0.2331 0.1971 0.1176 0.0492 0.0144 0.0029 0.0004 0.0000
0.0000 0.0000 0.0000 0.0001 0.0005 0.0034 0.0157 0.0509 0.1184 0.1971 0.2344 0.1977 0.1171 0.0480 0.0136 0.0026 0.0003
0.0000 0.0000 0.0000 0.0000 0.0001 0.0005 0.0034 0.0155 0.0504 0.1176 0.1977 0.2375 0.2004 0.1163 0.0461 0.0123 0.0020
0.0000 0.0000 0.0000 0.0000 0.0000 0.0001 0.0005 0.0033 0.0150 0.0492 0.1171 0.2004 0.2426 0.2036 0.1156 0.0428 0.0097
0.0000 0.0000 0.0000 0.0000 0.0000 0.0000 0.0001 0.0005 0.0031 0.0144 0.0480 0.1163 0.2036 0.2526 0.2119 0.1131 0.0365
0.0000 0.0000 0.0000 0.0000 0.0000 0.0000 0.0000 0.0001 0.0005 0.0029 0.0136 0.0461 0.1156 0.2119 0.2720 0.2246 0.1128
0.0000 0.0000 0.0000 0.0000 0.0000 0.0000 0.0000 0.0000 0.0000 0.0004 0.0026 0.0123 0.0428 0.1131 0.2246 0.3158 0.2883
0.0000 0.0000 0.0000 0.0000 0.0000 0.0000 0.0000 0.0000 0.0000 0.0000 0.0003 0.0020 0.0097 0.0365 0.1128 0.2883 0.5503
#DG from neighbouring lambda in kcal/mol
0.0000 0.0625 2.0754 0.0144
0.0625 0.1250 2.2575 0.0117
0.1250 0.1875 2.3617 0.0105
0.1875 0.2500 2.4165 0.0094
0.2500 0.3125 2.4371 0.0088
0.3125 0.3750 2.4243 0.0084
0.3750 0.4375 2.3892 0.0082
0.4375 0.5000 2.3412 0.0082
0.5000 0.5625 2.2873 0.0082
0.5625 0.6250 2.2325 0.0082
0.6250 0.6875 2.1820 0.0084
0.6875 0.7500 2.1476 0.0085
0.7500 0.8125 2.1428 0.0088
0.8125 0.8750 2.1815 0.0093
0.8750 0.9375 2.2703 0.0105
0.9375 1.0000 2.4031 0.0129
#PMF from MBAR in kcal/mol
0.0000 0.0000 0.0000
0.0625 2.0754 0.0144
0.1250 4.3329 0.0232
0.1875 6.6946 0.0293
0.2500 9.1111 0.0337
0.3125 11.5483 0.0372
0.3750 13.9725 0.0403
0.4375 16.3617 0.0431
0.5000 18.7030 0.0457
0.5625 20.9902 0.0482
0.6250 23.2227 0.0505
0.6875 25.4047 0.0528
0.7500 27.5523 0.0551
0.8125 29.6951 0.0573
0.8750 31.8766 0.0595
0.9375 34.1469 0.0620
1.0000 36.5500 0.0651
#TI average gradients and standard deviation in kcal/mol
0.0000 30.6060 12.6875
0.0625 34.8907 11.2741
0.1250 37.0303 10.4570
0.1875 38.1320 9.4014
0.2500 38.8839 8.6488
0.3125 38.8818 8.4943
0.3750 38.3738 8.1750
0.4375 38.0873 8.2267
0.5000 36.9375 8.1438
0.5625 36.3275 8.1865
0.6250 34.8923 8.0735
0.6875 34.6878 8.1343
0.7500 34.1893 8.3296
0.8125 34.1659 8.6729
0.8750 35.0510 9.1221
0.9375 36.8028 9.9785
1.0000 42.1152 10.9047
#PMF from TI in kcal/mol
0.0000 0.0000
0.0625 2.0468
0.1250 4.2943
0.1875 6.6431
0.2500 9.0499
0.3125 11.4800
0.3750 13.8943
0.4375 16.2837
0.5000 18.6282
0.5625 20.9177
0.6250 23.1434
0.6875 25.3177
0.7500 27.4702
0.8125 29.6063
0.8750 31.7693
0.9375 34.0147
1.0000 36.4809
#MBAR free energy difference in kcal/mol: 
36.549959, 0.065073 
#TI free energy difference in kcal/mol: 
36.480907  
