# Analysing data contained in file(s) ['/home/jguven/projects/metalloenzymes/starmap/outputs/no_min/SOMD_1/lig_1~lig_3/bound/lambda_0.0000/simfile.dat', '/home/jguven/projects/metalloenzymes/starmap/outputs/no_min/SOMD_1/lig_1~lig_3/bound/lambda_0.1000/simfile.dat', '/home/jguven/projects/metalloenzymes/starmap/outputs/no_min/SOMD_1/lig_1~lig_3/bound/lambda_0.2000/simfile.dat', '/home/jguven/projects/metalloenzymes/starmap/outputs/no_min/SOMD_1/lig_1~lig_3/bound/lambda_0.3000/simfile.dat', '/home/jguven/projects/metalloenzymes/starmap/outputs/no_min/SOMD_1/lig_1~lig_3/bound/lambda_0.4000/simfile.dat', '/home/jguven/projects/metalloenzymes/starmap/outputs/no_min/SOMD_1/lig_1~lig_3/bound/lambda_0.5000/simfile.dat', '/home/jguven/projects/metalloenzymes/starmap/outputs/no_min/SOMD_1/lig_1~lig_3/bound/lambda_0.6000/simfile.dat', '/home/jguven/projects/metalloenzymes/starmap/outputs/no_min/SOMD_1/lig_1~lig_3/bound/lambda_0.7000/simfile.dat', '/home/jguven/projects/metalloenzymes/starmap/outputs/no_min/SOMD_1/lig_1~lig_3/bound/lambda_0.8000/simfile.dat', '/home/jguven/projects/metalloenzymes/starmap/outputs/no_min/SOMD_1/lig_1~lig_3/bound/lambda_0.9000/simfile.dat', '/home/jguven/projects/metalloenzymes/starmap/outputs/no_min/SOMD_1/lig_1~lig_3/bound/lambda_1.0000/simfile.dat']
#Overlap matrix
0.8893 0.1104 0.0003 0.0000 0.0000 0.0000 0.0000 0.0000 0.0000 0.0000 0.0000
0.1104 0.7581 0.1309 0.0006 0.0000 0.0000 0.0000 0.0000 0.0000 0.0000 0.0000
0.0003 0.1309 0.7274 0.1403 0.0011 0.0000 0.0000 0.0000 0.0000 0.0000 0.0000
0.0000 0.0006 0.1403 0.7012 0.1568 0.0011 0.0000 0.0000 0.0000 0.0000 0.0000
0.0000 0.0000 0.0011 0.1568 0.7007 0.1395 0.0018 0.0000 0.0000 0.0000 0.0000
0.0000 0.0000 0.0000 0.0011 0.1395 0.6862 0.1704 0.0028 0.0000 0.0000 0.0000
0.0000 0.0000 0.0000 0.0000 0.0018 0.1704 0.6542 0.1697 0.0038 0.0000 0.0000
0.0000 0.0000 0.0000 0.0000 0.0000 0.0028 0.1697 0.6389 0.1827 0.0058 0.0000
0.0000 0.0000 0.0000 0.0000 0.0000 0.0000 0.0038 0.1827 0.6095 0.1954 0.0085
0.0000 0.0000 0.0000 0.0000 0.0000 0.0000 0.0000 0.0058 0.1954 0.5911 0.2077
0.0000 0.0000 0.0000 0.0000 0.0000 0.0000 0.0000 0.0000 0.0085 0.2077 0.7837
#DG from neighbouring lambda in kcal/mol
0.0000 0.1000 4.9796 0.0533
0.1000 0.2000 4.6967 0.0475
0.2000 0.3000 4.5364 0.0451
0.3000 0.4000 4.4965 0.0417
0.4000 0.5000 4.1734 0.0451
0.5000 0.6000 3.9643 0.0388
0.6000 0.7000 3.7741 0.0385
0.7000 0.8000 3.5462 0.0360
0.8000 0.9000 3.3682 0.0335
0.9000 1.0000 3.2273 0.0326
#PMF from MBAR in kcal/mol
0.0000 0.0000 0.0000
0.1000 4.9796 0.0533
0.2000 9.6763 0.0768
0.3000 14.2127 0.0934
0.4000 18.7092 0.1059
0.5000 22.8827 0.1184
0.6000 26.8470 0.1276
0.7000 30.6211 0.1360
0.8000 34.1672 0.1432
0.9000 37.5355 0.1494
1.0000 40.7627 0.1551
#TI average gradients and standard deviation in kcal/mol
0.0000 52.8152 17.3945
0.1000 48.2425 16.7532
0.2000 47.5463 16.0938
0.3000 45.3212 16.0653
0.4000 44.4939 14.9803
0.5000 40.6424 14.9205
0.6000 39.9201 14.0411
0.7000 37.0386 13.9453
0.8000 35.3352 13.1267
0.9000 32.4691 13.0646
1.0000 31.5107 12.2732
#PMF from TI in kcal/mol
0.0000 0.0000
0.1000 5.0529
0.2000 9.8423
0.3000 14.4857
0.4000 18.9765
0.5000 23.2333
0.6000 27.2614
0.7000 31.1093
0.8000 34.7280
0.9000 38.1182
1.0000 41.3172
#MBAR free energy difference in kcal/mol: 
40.762740, 0.155075 
#TI free energy difference in kcal/mol: 
41.317237  
