# Analysing data contained in file(s) ['/home/jguven/projects/metalloenzymes/kpc2/outputs/SOMD/lig_10~lig_8/unbound/lambda_0.0000/simfile.dat', '/home/jguven/projects/metalloenzymes/kpc2/outputs/SOMD/lig_10~lig_8/unbound/lambda_0.1000/simfile.dat', '/home/jguven/projects/metalloenzymes/kpc2/outputs/SOMD/lig_10~lig_8/unbound/lambda_0.2000/simfile.dat', '/home/jguven/projects/metalloenzymes/kpc2/outputs/SOMD/lig_10~lig_8/unbound/lambda_0.3000/simfile.dat', '/home/jguven/projects/metalloenzymes/kpc2/outputs/SOMD/lig_10~lig_8/unbound/lambda_0.4000/simfile.dat', '/home/jguven/projects/metalloenzymes/kpc2/outputs/SOMD/lig_10~lig_8/unbound/lambda_0.5000/simfile.dat', '/home/jguven/projects/metalloenzymes/kpc2/outputs/SOMD/lig_10~lig_8/unbound/lambda_0.6000/simfile.dat', '/home/jguven/projects/metalloenzymes/kpc2/outputs/SOMD/lig_10~lig_8/unbound/lambda_0.7000/simfile.dat', '/home/jguven/projects/metalloenzymes/kpc2/outputs/SOMD/lig_10~lig_8/unbound/lambda_0.8000/simfile.dat', '/home/jguven/projects/metalloenzymes/kpc2/outputs/SOMD/lig_10~lig_8/unbound/lambda_0.9000/simfile.dat', '/home/jguven/projects/metalloenzymes/kpc2/outputs/SOMD/lig_10~lig_8/unbound/lambda_1.0000/simfile.dat']
#Overlap matrix
0.7331 0.2451 0.0213 0.0004 0.0000 0.0000 0.0000 0.0000 0.0000 0.0000 0.0000
0.2451 0.5095 0.2227 0.0221 0.0005 0.0000 0.0000 0.0000 0.0000 0.0000 0.0000
0.0213 0.2227 0.5004 0.2317 0.0233 0.0005 0.0000 0.0000 0.0000 0.0000 0.0000
0.0004 0.0221 0.2317 0.4907 0.2331 0.0215 0.0005 0.0000 0.0000 0.0000 0.0000
0.0000 0.0005 0.0233 0.2331 0.4933 0.2254 0.0238 0.0006 0.0000 0.0000 0.0000
0.0000 0.0000 0.0005 0.0215 0.2254 0.4981 0.2299 0.0241 0.0006 0.0000 0.0000
0.0000 0.0000 0.0000 0.0005 0.0238 0.2299 0.4940 0.2288 0.0226 0.0004 0.0000
0.0000 0.0000 0.0000 0.0000 0.0006 0.0241 0.2288 0.4970 0.2316 0.0178 0.0002
0.0000 0.0000 0.0000 0.0000 0.0000 0.0006 0.0226 0.2316 0.5266 0.2065 0.0121
0.0000 0.0000 0.0000 0.0000 0.0000 0.0000 0.0004 0.0178 0.2065 0.5751 0.2002
0.0000 0.0000 0.0000 0.0000 0.0000 0.0000 0.0000 0.0002 0.0121 0.2002 0.7875
#DG from neighbouring lambda in kcal/mol
0.0000 0.1000 -6.8550 0.0274
0.1000 0.2000 -6.5512 0.0276
0.2000 0.3000 -6.2890 0.0264
0.3000 0.4000 -6.0435 0.0263
0.4000 0.5000 -5.9007 0.0271
0.5000 0.6000 -5.7334 0.0264
0.6000 0.7000 -5.5439 0.0266
0.7000 0.8000 -5.2641 0.0269
0.8000 0.9000 -4.8603 0.0309
0.9000 1.0000 -4.2378 0.0340
#PMF from MBAR in kcal/mol
0.0000 0.0000 0.0000
0.1000 -6.8550 0.0274
0.2000 -13.4061 0.0458
0.3000 -19.6951 0.0583
0.4000 -25.7386 0.0684
0.5000 -31.6393 0.0776
0.6000 -37.3728 0.0854
0.7000 -42.9166 0.0927
0.8000 -48.1807 0.0996
0.9000 -53.0410 0.1072
1.0000 -57.2788 0.1153
#TI average gradients and standard deviation in kcal/mol
0.0000 -72.9498 11.0748
0.1000 -67.4388 11.1700
0.2000 -64.7191 10.8886
0.3000 -61.9146 10.8927
0.4000 -60.1195 10.9931
0.5000 -58.1964 10.9360
0.6000 -56.5358 10.6782
0.7000 -54.5733 11.0162
0.8000 -50.5940 11.5004
0.9000 -45.9319 12.3032
1.0000 -37.8940 13.8136
#PMF from TI in kcal/mol
0.0000 0.0000
0.1000 -7.0194
0.2000 -13.6273
0.3000 -19.9590
0.4000 -26.0607
0.5000 -31.9765
0.6000 -37.7131
0.7000 -43.2686
0.8000 -48.5269
0.9000 -53.3532
1.0000 -57.5445
#MBAR free energy difference in kcal/mol: 
-57.278823, 0.115281 
#TI free energy difference in kcal/mol: 
-57.544520  
