# Analysing data contained in file(s) ['/home/jguven/projects/metalloenzymes/starmap/outputs/with_min/SOMD_1/lig_1~lig_10/bound/lambda_0.0000/simfile.dat', '/home/jguven/projects/metalloenzymes/starmap/outputs/with_min/SOMD_1/lig_1~lig_10/bound/lambda_0.1000/simfile.dat', '/home/jguven/projects/metalloenzymes/starmap/outputs/with_min/SOMD_1/lig_1~lig_10/bound/lambda_0.2000/simfile.dat', '/home/jguven/projects/metalloenzymes/starmap/outputs/with_min/SOMD_1/lig_1~lig_10/bound/lambda_0.3000/simfile.dat', '/home/jguven/projects/metalloenzymes/starmap/outputs/with_min/SOMD_1/lig_1~lig_10/bound/lambda_0.4000/simfile.dat', '/home/jguven/projects/metalloenzymes/starmap/outputs/with_min/SOMD_1/lig_1~lig_10/bound/lambda_0.5000/simfile.dat', '/home/jguven/projects/metalloenzymes/starmap/outputs/with_min/SOMD_1/lig_1~lig_10/bound/lambda_0.6000/simfile.dat', '/home/jguven/projects/metalloenzymes/starmap/outputs/with_min/SOMD_1/lig_1~lig_10/bound/lambda_0.7000/simfile.dat', '/home/jguven/projects/metalloenzymes/starmap/outputs/with_min/SOMD_1/lig_1~lig_10/bound/lambda_0.8000/simfile.dat', '/home/jguven/projects/metalloenzymes/starmap/outputs/with_min/SOMD_1/lig_1~lig_10/bound/lambda_0.9000/simfile.dat', '/home/jguven/projects/metalloenzymes/starmap/outputs/with_min/SOMD_1/lig_1~lig_10/bound/lambda_1.0000/simfile.dat']
#Overlap matrix
0.6534 0.2865 0.0558 0.0041 0.0001 0.0000 0.0000 0.0000 0.0000 0.0000 0.0000
0.2865 0.4168 0.2411 0.0513 0.0042 0.0001 0.0000 0.0000 0.0000 0.0000 0.0000
0.0558 0.2411 0.4019 0.2427 0.0540 0.0043 0.0001 0.0000 0.0000 0.0000 0.0000
0.0041 0.0513 0.2427 0.4038 0.2428 0.0513 0.0039 0.0001 0.0000 0.0000 0.0000
0.0001 0.0042 0.0540 0.2428 0.4097 0.2406 0.0454 0.0031 0.0001 0.0000 0.0000
0.0000 0.0001 0.0043 0.0513 0.2406 0.4297 0.2344 0.0377 0.0019 0.0000 0.0000
0.0000 0.0000 0.0001 0.0039 0.0454 0.2344 0.4638 0.2262 0.0256 0.0006 0.0000
0.0000 0.0000 0.0000 0.0001 0.0031 0.0377 0.2262 0.5178 0.2036 0.0116 0.0001
0.0000 0.0000 0.0000 0.0000 0.0001 0.0019 0.0256 0.2036 0.5831 0.1827 0.0031
0.0000 0.0000 0.0000 0.0000 0.0000 0.0000 0.0006 0.0116 0.1827 0.6997 0.1054
0.0000 0.0000 0.0000 0.0000 0.0000 0.0000 0.0000 0.0001 0.0031 0.1054 0.8914
#DG from neighbouring lambda in kcal/mol
0.0000 0.1000 9.8424 0.0222
0.1000 0.2000 9.2219 0.0222
0.2000 0.3000 8.5369 0.0218
0.3000 0.4000 7.9047 0.0218
0.4000 0.5000 7.3411 0.0228
0.5000 0.6000 6.8458 0.0246
0.6000 0.7000 6.4642 0.0275
0.7000 0.8000 6.4156 0.0331
0.8000 0.9000 6.9085 0.0394
0.9000 1.0000 9.1356 0.0604
#PMF from MBAR in kcal/mol
0.0000 0.0000 0.0000
0.1000 9.8424 0.0222
0.2000 19.0643 0.0385
0.3000 27.6012 0.0502
0.4000 35.5059 0.0594
0.5000 42.8470 0.0678
0.6000 49.6927 0.0759
0.7000 56.1569 0.0843
0.8000 62.5725 0.0940
0.9000 69.4810 0.1056
1.0000 78.6166 0.1251
#TI average gradients and standard deviation in kcal/mol
0.0000 97.0710 9.0485
0.1000 94.7928 8.4585
0.2000 89.3045 8.9350
0.3000 83.2672 8.4501
0.4000 75.8568 9.0169
0.5000 71.5472 9.8591
0.6000 66.9993 10.1665
0.7000 62.4091 12.2654
0.8000 64.6970 13.1167
0.9000 76.6921 14.7261
1.0000 108.8000 21.4135
#PMF from TI in kcal/mol
0.0000 0.0000
0.1000 9.5932
0.2000 18.7981
0.3000 27.4266
0.4000 35.3828
0.5000 42.7531
0.6000 49.6804
0.7000 56.1508
0.8000 62.5061
0.9000 69.5756
1.0000 78.8502
#MBAR free energy difference in kcal/mol: 
78.616578, 0.125119 
#TI free energy difference in kcal/mol: 
78.850164  
