# Analysing data contained in file(s) ['/home/jguven/projects/metalloenzymes/kpc2/outputs/SOMD/lig_1~lig_4/bound/lambda_0.0000/simfile.dat', '/home/jguven/projects/metalloenzymes/kpc2/outputs/SOMD/lig_1~lig_4/bound/lambda_0.1000/simfile.dat', '/home/jguven/projects/metalloenzymes/kpc2/outputs/SOMD/lig_1~lig_4/bound/lambda_0.2000/simfile.dat', '/home/jguven/projects/metalloenzymes/kpc2/outputs/SOMD/lig_1~lig_4/bound/lambda_0.3000/simfile.dat', '/home/jguven/projects/metalloenzymes/kpc2/outputs/SOMD/lig_1~lig_4/bound/lambda_0.4000/simfile.dat', '/home/jguven/projects/metalloenzymes/kpc2/outputs/SOMD/lig_1~lig_4/bound/lambda_0.5000/simfile.dat', '/home/jguven/projects/metalloenzymes/kpc2/outputs/SOMD/lig_1~lig_4/bound/lambda_0.6000/simfile.dat', '/home/jguven/projects/metalloenzymes/kpc2/outputs/SOMD/lig_1~lig_4/bound/lambda_0.7000/simfile.dat', '/home/jguven/projects/metalloenzymes/kpc2/outputs/SOMD/lig_1~lig_4/bound/lambda_0.8000/simfile.dat', '/home/jguven/projects/metalloenzymes/kpc2/outputs/SOMD/lig_1~lig_4/bound/lambda_0.9000/simfile.dat', '/home/jguven/projects/metalloenzymes/kpc2/outputs/SOMD/lig_1~lig_4/bound/lambda_1.0000/simfile.dat']
#Overlap matrix
0.7823 0.2088 0.0088 0.0001 0.0000 0.0000 0.0000 0.0000 0.0000 0.0000 0.0000
0.2088 0.5758 0.2049 0.0104 0.0001 0.0000 0.0000 0.0000 0.0000 0.0000 0.0000
0.0088 0.2049 0.5592 0.2137 0.0133 0.0001 0.0000 0.0000 0.0000 0.0000 0.0000
0.0001 0.0104 0.2137 0.5512 0.2099 0.0145 0.0003 0.0000 0.0000 0.0000 0.0000
0.0000 0.0001 0.0133 0.2099 0.5330 0.2234 0.0197 0.0005 0.0000 0.0000 0.0000
0.0000 0.0000 0.0001 0.0145 0.2234 0.5047 0.2327 0.0240 0.0006 0.0000 0.0000
0.0000 0.0000 0.0000 0.0003 0.0197 0.2327 0.4970 0.2261 0.0236 0.0007 0.0000
0.0000 0.0000 0.0000 0.0000 0.0005 0.0240 0.2261 0.4953 0.2280 0.0254 0.0008
0.0000 0.0000 0.0000 0.0000 0.0000 0.0006 0.0236 0.2280 0.4946 0.2311 0.0222
0.0000 0.0000 0.0000 0.0000 0.0000 0.0000 0.0007 0.0254 0.2311 0.5259 0.2170
0.0000 0.0000 0.0000 0.0000 0.0000 0.0000 0.0000 0.0008 0.0222 0.2170 0.7600
#DG from neighbouring lambda in kcal/mol
0.0000 0.1000 6.0264 0.0324
0.1000 0.2000 5.8647 0.0316
0.2000 0.3000 5.6640 0.0300
0.3000 0.4000 5.4842 0.0300
0.4000 0.5000 5.2353 0.0277
0.5000 0.6000 5.0724 0.0258
0.6000 0.7000 4.9283 0.0261
0.7000 0.8000 4.7976 0.0258
0.8000 0.9000 4.9364 0.0257
0.9000 1.0000 5.3779 0.0298
#PMF from MBAR in kcal/mol
0.0000 0.0000 0.0000
0.1000 6.0264 0.0324
0.2000 11.8910 0.0520
0.3000 17.5550 0.0653
0.4000 23.0392 0.0760
0.5000 28.2745 0.0846
0.6000 33.3470 0.0917
0.7000 38.2753 0.0982
0.8000 43.0729 0.1043
0.9000 48.0093 0.1099
1.0000 53.3872 0.1162
#TI average gradients and standard deviation in kcal/mol
0.0000 60.5644 12.5687
0.1000 58.8183 12.6238
0.2000 57.6723 12.3065
0.3000 56.7794 11.7977
0.4000 52.8090 11.4783
0.5000 51.4327 11.2701
0.6000 49.9680 10.7116
0.7000 48.3698 10.6283
0.8000 47.9143 10.5434
0.9000 51.1771 11.3867
1.0000 56.3893 12.6854
#PMF from TI in kcal/mol
0.0000 0.0000
0.1000 5.9691
0.2000 11.7937
0.3000 17.5163
0.4000 22.9957
0.5000 28.2078
0.6000 33.2778
0.7000 38.1947
0.8000 43.0089
0.9000 47.9635
1.0000 53.3418
#MBAR free energy difference in kcal/mol: 
53.387208, 0.116195 
#TI free energy difference in kcal/mol: 
53.341776  
