# Analysing data contained in file(s) ['/home/jguven/projects/metalloenzymes/kpc2/outputs/SOMD/lig_1~lig_4/bound/lambda_0.0000/simfile.dat', '/home/jguven/projects/metalloenzymes/kpc2/outputs/SOMD/lig_1~lig_4/bound/lambda_0.1000/simfile.dat', '/home/jguven/projects/metalloenzymes/kpc2/outputs/SOMD/lig_1~lig_4/bound/lambda_0.2000/simfile.dat', '/home/jguven/projects/metalloenzymes/kpc2/outputs/SOMD/lig_1~lig_4/bound/lambda_0.3000/simfile.dat', '/home/jguven/projects/metalloenzymes/kpc2/outputs/SOMD/lig_1~lig_4/bound/lambda_0.4000/simfile.dat', '/home/jguven/projects/metalloenzymes/kpc2/outputs/SOMD/lig_1~lig_4/bound/lambda_0.5000/simfile.dat', '/home/jguven/projects/metalloenzymes/kpc2/outputs/SOMD/lig_1~lig_4/bound/lambda_0.6000/simfile.dat', '/home/jguven/projects/metalloenzymes/kpc2/outputs/SOMD/lig_1~lig_4/bound/lambda_0.7000/simfile.dat', '/home/jguven/projects/metalloenzymes/kpc2/outputs/SOMD/lig_1~lig_4/bound/lambda_0.8000/simfile.dat', '/home/jguven/projects/metalloenzymes/kpc2/outputs/SOMD/lig_1~lig_4/bound/lambda_0.9000/simfile.dat', '/home/jguven/projects/metalloenzymes/kpc2/outputs/SOMD/lig_1~lig_4/bound/lambda_1.0000/simfile.dat']
#Overlap matrix
0.7851 0.2059 0.0089 0.0001 0.0000 0.0000 0.0000 0.0000 0.0000 0.0000 0.0000
0.2059 0.5806 0.2041 0.0094 0.0001 0.0000 0.0000 0.0000 0.0000 0.0000 0.0000
0.0089 0.2041 0.5633 0.2087 0.0148 0.0002 0.0000 0.0000 0.0000 0.0000 0.0000
0.0001 0.0094 0.2087 0.5440 0.2218 0.0158 0.0002 0.0000 0.0000 0.0000 0.0000
0.0000 0.0001 0.0148 0.2218 0.5260 0.2192 0.0176 0.0004 0.0000 0.0000 0.0000
0.0000 0.0000 0.0002 0.0158 0.2192 0.5161 0.2236 0.0243 0.0007 0.0000 0.0000
0.0000 0.0000 0.0000 0.0002 0.0176 0.2236 0.4950 0.2363 0.0267 0.0006 0.0000
0.0000 0.0000 0.0000 0.0000 0.0004 0.0243 0.2363 0.4926 0.2248 0.0209 0.0006
0.0000 0.0000 0.0000 0.0000 0.0000 0.0007 0.0267 0.2248 0.5102 0.2172 0.0204
0.0000 0.0000 0.0000 0.0000 0.0000 0.0000 0.0006 0.0209 0.2172 0.5408 0.2204
0.0000 0.0000 0.0000 0.0000 0.0000 0.0000 0.0000 0.0006 0.0204 0.2204 0.7585
#DG from neighbouring lambda in kcal/mol
0.0000 0.1000 5.8913 0.0323
0.1000 0.2000 5.7424 0.0314
0.2000 0.3000 5.4711 0.0301
0.3000 0.4000 5.3641 0.0279
0.4000 0.5000 5.1758 0.0279
0.5000 0.6000 4.9334 0.0265
0.6000 0.7000 4.8271 0.0244
0.7000 0.8000 4.8517 0.0259
0.8000 0.9000 4.8925 0.0273
0.9000 1.0000 5.4440 0.0292
#PMF from MBAR in kcal/mol
0.0000 0.0000 0.0000
0.1000 5.8913 0.0323
0.2000 11.6336 0.0516
0.3000 17.1047 0.0649
0.4000 22.4688 0.0747
0.5000 27.6446 0.0833
0.6000 32.5780 0.0907
0.7000 37.4051 0.0968
0.8000 42.2569 0.1027
0.9000 47.1493 0.1088
1.0000 52.5933 0.1150
#TI average gradients and standard deviation in kcal/mol
0.0000 58.7486 12.8056
0.1000 57.7126 12.3934
0.2000 56.6183 12.0287
0.3000 54.5881 11.5611
0.4000 52.6174 11.3640
0.5000 50.0524 11.0146
0.6000 48.4624 10.4324
0.7000 48.2567 10.8203
0.8000 48.9041 10.4929
0.9000 50.4269 11.7783
1.0000 58.7277 13.0979
#PMF from TI in kcal/mol
0.0000 0.0000
0.1000 5.8231
0.2000 11.5396
0.3000 17.0999
0.4000 22.4602
0.5000 27.5937
0.6000 32.5194
0.7000 37.3554
0.8000 42.2134
0.9000 47.1800
1.0000 52.6377
#MBAR free energy difference in kcal/mol: 
52.593282, 0.115013 
#TI free energy difference in kcal/mol: 
52.637706  
