# Analysing data contained in file(s) ['/home/jguven/projects/metalloenzymes/kpc2/outputs/SOMD/lig_1~lig_4/bound/lambda_0.0000/simfile.dat', '/home/jguven/projects/metalloenzymes/kpc2/outputs/SOMD/lig_1~lig_4/bound/lambda_0.1000/simfile.dat', '/home/jguven/projects/metalloenzymes/kpc2/outputs/SOMD/lig_1~lig_4/bound/lambda_0.2000/simfile.dat', '/home/jguven/projects/metalloenzymes/kpc2/outputs/SOMD/lig_1~lig_4/bound/lambda_0.3000/simfile.dat', '/home/jguven/projects/metalloenzymes/kpc2/outputs/SOMD/lig_1~lig_4/bound/lambda_0.4000/simfile.dat', '/home/jguven/projects/metalloenzymes/kpc2/outputs/SOMD/lig_1~lig_4/bound/lambda_0.5000/simfile.dat', '/home/jguven/projects/metalloenzymes/kpc2/outputs/SOMD/lig_1~lig_4/bound/lambda_0.6000/simfile.dat', '/home/jguven/projects/metalloenzymes/kpc2/outputs/SOMD/lig_1~lig_4/bound/lambda_0.7000/simfile.dat', '/home/jguven/projects/metalloenzymes/kpc2/outputs/SOMD/lig_1~lig_4/bound/lambda_0.8000/simfile.dat', '/home/jguven/projects/metalloenzymes/kpc2/outputs/SOMD/lig_1~lig_4/bound/lambda_0.9000/simfile.dat', '/home/jguven/projects/metalloenzymes/kpc2/outputs/SOMD/lig_1~lig_4/bound/lambda_1.0000/simfile.dat']
#Overlap matrix
0.8530 0.1445 0.0025 0.0000 0.0000 0.0000 0.0000 0.0000 0.0000 0.0000 0.0000
0.1445 0.6805 0.1706 0.0044 0.0000 0.0000 0.0000 0.0000 0.0000 0.0000 0.0000
0.0025 0.1706 0.6309 0.1902 0.0059 0.0000 0.0000 0.0000 0.0000 0.0000 0.0000
0.0000 0.0044 0.1902 0.6054 0.1943 0.0057 0.0000 0.0000 0.0000 0.0000 0.0000
0.0000 0.0000 0.0059 0.1943 0.6014 0.1893 0.0090 0.0001 0.0000 0.0000 0.0000
0.0000 0.0000 0.0000 0.0057 0.1893 0.5814 0.2136 0.0099 0.0001 0.0000 0.0000
0.0000 0.0000 0.0000 0.0000 0.0090 0.2136 0.5653 0.2007 0.0112 0.0001 0.0000
0.0000 0.0000 0.0000 0.0000 0.0001 0.0099 0.2007 0.5545 0.2187 0.0159 0.0002
0.0000 0.0000 0.0000 0.0000 0.0000 0.0001 0.0112 0.2187 0.5330 0.2201 0.0168
0.0000 0.0000 0.0000 0.0000 0.0000 0.0000 0.0001 0.0159 0.2201 0.5273 0.2366
0.0000 0.0000 0.0000 0.0000 0.0000 0.0000 0.0000 0.0002 0.0168 0.2366 0.7463
#DG from neighbouring lambda in kcal/mol
0.0000 0.1000 2.1021 0.0401
0.1000 0.2000 2.7393 0.0349
0.2000 0.3000 2.9265 0.0317
0.3000 0.4000 2.8963 0.0310
0.4000 0.5000 2.5973 0.0312
0.5000 0.6000 2.4278 0.0278
0.6000 0.7000 2.1818 0.0291
0.7000 0.8000 1.8708 0.0264
0.8000 0.9000 1.6612 0.0258
0.9000 1.0000 1.4523 0.0256
#PMF from MBAR in kcal/mol
0.0000 0.0000 0.0000
0.1000 2.1021 0.0401
0.2000 4.8414 0.0586
0.3000 7.7679 0.0709
0.4000 10.6641 0.0810
0.5000 13.2614 0.0901
0.6000 15.6892 0.0972
0.7000 17.8710 0.1041
0.8000 19.7418 0.1098
0.9000 21.4029 0.1150
1.0000 22.8552 0.1199
#TI average gradients and standard deviation in kcal/mol
0.0000 17.5933 16.2805
0.1000 24.6352 14.8904
0.2000 29.3360 13.9011
0.3000 30.4506 13.4535
0.4000 28.0650 13.1811
0.5000 24.2482 12.3754
0.6000 23.8314 12.4329
0.7000 19.7665 11.9462
0.8000 17.6433 11.4048
0.9000 15.4377 11.0885
1.0000 15.1009 10.5533
#PMF from TI in kcal/mol
0.0000 0.0000
0.1000 2.1114
0.2000 4.8100
0.3000 7.7993
0.4000 10.7251
0.5000 13.3408
0.6000 15.7447
0.7000 17.9246
0.8000 19.7951
0.9000 21.4492
1.0000 22.9761
#MBAR free energy difference in kcal/mol: 
22.855181, 0.119921 
#TI free energy difference in kcal/mol: 
22.976088  
