# Analysing data contained in file(s) ['/home/jguven/projects/metalloenzymes/kpc2/outputs/SOMD/lig_11~lig_5/bound/lambda_0.0000/simfile.dat', '/home/jguven/projects/metalloenzymes/kpc2/outputs/SOMD/lig_11~lig_5/bound/lambda_0.1000/simfile.dat', '/home/jguven/projects/metalloenzymes/kpc2/outputs/SOMD/lig_11~lig_5/bound/lambda_0.2000/simfile.dat', '/home/jguven/projects/metalloenzymes/kpc2/outputs/SOMD/lig_11~lig_5/bound/lambda_0.3000/simfile.dat', '/home/jguven/projects/metalloenzymes/kpc2/outputs/SOMD/lig_11~lig_5/bound/lambda_0.4000/simfile.dat', '/home/jguven/projects/metalloenzymes/kpc2/outputs/SOMD/lig_11~lig_5/bound/lambda_0.5000/simfile.dat', '/home/jguven/projects/metalloenzymes/kpc2/outputs/SOMD/lig_11~lig_5/bound/lambda_0.6000/simfile.dat', '/home/jguven/projects/metalloenzymes/kpc2/outputs/SOMD/lig_11~lig_5/bound/lambda_0.7000/simfile.dat', '/home/jguven/projects/metalloenzymes/kpc2/outputs/SOMD/lig_11~lig_5/bound/lambda_0.8000/simfile.dat', '/home/jguven/projects/metalloenzymes/kpc2/outputs/SOMD/lig_11~lig_5/bound/lambda_0.9000/simfile.dat', '/home/jguven/projects/metalloenzymes/kpc2/outputs/SOMD/lig_11~lig_5/bound/lambda_1.0000/simfile.dat']
#Overlap matrix
0.8541 0.1439 0.0020 0.0000 0.0000 0.0000 0.0000 0.0000 0.0000 0.0000 0.0000
0.1439 0.6911 0.1615 0.0035 0.0000 0.0000 0.0000 0.0000 0.0000 0.0000 0.0000
0.0020 0.1615 0.6541 0.1767 0.0056 0.0000 0.0000 0.0000 0.0000 0.0000 0.0000
0.0000 0.0035 0.1767 0.6111 0.2007 0.0079 0.0000 0.0000 0.0000 0.0000 0.0000
0.0000 0.0000 0.0056 0.2007 0.5891 0.1955 0.0091 0.0001 0.0000 0.0000 0.0000
0.0000 0.0000 0.0000 0.0079 0.1955 0.5773 0.2110 0.0082 0.0000 0.0000 0.0000
0.0000 0.0000 0.0000 0.0000 0.0091 0.2110 0.5871 0.1883 0.0044 0.0000 0.0000
0.0000 0.0000 0.0000 0.0000 0.0001 0.0082 0.1883 0.6433 0.1588 0.0013 0.0000
0.0000 0.0000 0.0000 0.0000 0.0000 0.0000 0.0044 0.1588 0.7208 0.1157 0.0003
0.0000 0.0000 0.0000 0.0000 0.0000 0.0000 0.0000 0.0013 0.1157 0.7965 0.0865
0.0000 0.0000 0.0000 0.0000 0.0000 0.0000 0.0000 0.0000 0.0003 0.0865 0.9132
#DG from neighbouring lambda in kcal/mol
0.0000 0.1000 -1.3520 0.0432
0.1000 0.2000 -0.8000 0.0392
0.2000 0.3000 -0.6023 0.0361
0.3000 0.4000 -0.5737 0.0321
0.4000 0.5000 -0.6006 0.0323
0.5000 0.6000 -0.5609 0.0303
0.6000 0.7000 -0.3271 0.0339
0.7000 0.8000 0.1428 0.0396
0.8000 0.9000 0.8425 0.0501
0.9000 1.0000 1.8889 0.0605
#PMF from MBAR in kcal/mol
0.0000 0.0000 0.0000
0.1000 -1.3520 0.0432
0.2000 -2.1520 0.0641
0.3000 -2.7543 0.0781
0.4000 -3.3280 0.0882
0.5000 -3.9286 0.0973
0.6000 -4.4895 0.1050
0.7000 -4.8166 0.1131
0.8000 -4.6738 0.1226
0.9000 -3.8313 0.1352
1.0000 -1.9424 0.1506
#TI average gradients and standard deviation in kcal/mol
0.0000 -21.3627 17.7738
0.1000 -9.8477 15.6545
0.2000 -5.5796 14.1511
0.3000 -5.8213 13.3451
0.4000 -6.2467 12.8003
0.5000 -6.4302 12.8750
0.6000 -4.6611 13.0679
0.7000 -2.2581 14.2164
0.8000 5.3822 15.9107
0.9000 12.5885 18.8948
1.0000 30.8041 20.4163
#PMF from TI in kcal/mol
0.0000 0.0000
0.1000 -1.5605
0.2000 -2.3319
0.3000 -2.9019
0.4000 -3.5053
0.5000 -4.1392
0.6000 -4.6937
0.7000 -5.0397
0.8000 -4.8835
0.9000 -3.9850
1.0000 -1.8153
#MBAR free energy difference in kcal/mol: 
-1.942379, 0.150595 
#TI free energy difference in kcal/mol: 
-1.815322  
