# Analysing data contained in file(s) ['/home/jguven/projects/metalloenzymes/kpc2/outputs/SOMD/lig_11~lig_5/bound/lambda_0.0000/simfile.dat', '/home/jguven/projects/metalloenzymes/kpc2/outputs/SOMD/lig_11~lig_5/bound/lambda_0.1000/simfile.dat', '/home/jguven/projects/metalloenzymes/kpc2/outputs/SOMD/lig_11~lig_5/bound/lambda_0.2000/simfile.dat', '/home/jguven/projects/metalloenzymes/kpc2/outputs/SOMD/lig_11~lig_5/bound/lambda_0.3000/simfile.dat', '/home/jguven/projects/metalloenzymes/kpc2/outputs/SOMD/lig_11~lig_5/bound/lambda_0.4000/simfile.dat', '/home/jguven/projects/metalloenzymes/kpc2/outputs/SOMD/lig_11~lig_5/bound/lambda_0.5000/simfile.dat', '/home/jguven/projects/metalloenzymes/kpc2/outputs/SOMD/lig_11~lig_5/bound/lambda_0.6000/simfile.dat', '/home/jguven/projects/metalloenzymes/kpc2/outputs/SOMD/lig_11~lig_5/bound/lambda_0.7000/simfile.dat', '/home/jguven/projects/metalloenzymes/kpc2/outputs/SOMD/lig_11~lig_5/bound/lambda_0.8000/simfile.dat', '/home/jguven/projects/metalloenzymes/kpc2/outputs/SOMD/lig_11~lig_5/bound/lambda_0.9000/simfile.dat', '/home/jguven/projects/metalloenzymes/kpc2/outputs/SOMD/lig_11~lig_5/bound/lambda_1.0000/simfile.dat']
#Overlap matrix
0.6570 0.2829 0.0556 0.0044 0.0001 0.0000 0.0000 0.0000 0.0000 0.0000 0.0000
0.2829 0.4160 0.2429 0.0540 0.0042 0.0001 0.0000 0.0000 0.0000 0.0000 0.0000
0.0556 0.2429 0.4034 0.2428 0.0511 0.0040 0.0001 0.0000 0.0000 0.0000 0.0000
0.0044 0.0540 0.2428 0.4016 0.2401 0.0527 0.0044 0.0001 0.0000 0.0000 0.0000
0.0001 0.0042 0.0511 0.2401 0.4033 0.2414 0.0550 0.0047 0.0001 0.0000 0.0000
0.0000 0.0001 0.0040 0.0527 0.2414 0.3978 0.2442 0.0558 0.0039 0.0001 0.0000
0.0000 0.0000 0.0001 0.0044 0.0550 0.2442 0.4005 0.2458 0.0469 0.0030 0.0001
0.0000 0.0000 0.0000 0.0001 0.0047 0.0558 0.2458 0.4113 0.2312 0.0469 0.0041
0.0000 0.0000 0.0000 0.0000 0.0001 0.0039 0.0469 0.2312 0.4096 0.2487 0.0597
0.0000 0.0000 0.0000 0.0000 0.0000 0.0001 0.0030 0.0469 0.2487 0.4182 0.2832
0.0000 0.0000 0.0000 0.0000 0.0000 0.0000 0.0001 0.0041 0.0597 0.2832 0.6529
#DG from neighbouring lambda in kcal/mol
0.0000 0.1000 6.6944 0.0210
0.1000 0.2000 6.1485 0.0204
0.2000 0.3000 5.5975 0.0204
0.3000 0.4000 5.0252 0.0207
0.4000 0.5000 4.4673 0.0203
0.5000 0.6000 3.9444 0.0199
0.6000 0.7000 3.4277 0.0203
0.7000 0.8000 2.7955 0.0223
0.8000 0.9000 2.1722 0.0202
0.9000 1.0000 1.7236 0.0208
#PMF from MBAR in kcal/mol
0.0000 0.0000 0.0000
0.1000 6.6944 0.0210
0.2000 12.8429 0.0359
0.3000 18.4404 0.0467
0.4000 23.4656 0.0556
0.5000 27.9329 0.0631
0.6000 31.8773 0.0696
0.7000 35.3050 0.0757
0.8000 38.1004 0.0820
0.9000 40.2727 0.0874
1.0000 41.9963 0.0923
#TI average gradients and standard deviation in kcal/mol
0.0000 70.4258 8.9125
0.1000 63.9560 8.3461
0.2000 58.5833 8.8842
0.3000 54.3321 8.9333
0.4000 47.5619 8.4756
0.5000 40.7854 8.7486
0.6000 37.4224 9.1430
0.7000 31.2849 9.3187
0.8000 24.1055 9.1129
0.9000 19.1456 9.3311
1.0000 16.1313 9.3919
#PMF from TI in kcal/mol
0.0000 0.0000
0.1000 6.7191
0.2000 12.8461
0.3000 18.4918
0.4000 23.5865
0.5000 28.0039
0.6000 31.9143
0.7000 35.3497
0.8000 38.1192
0.9000 40.2817
1.0000 42.0456
#MBAR free energy difference in kcal/mol: 
41.996291, 0.092320 
#TI free energy difference in kcal/mol: 
42.045575  
