# Analysing data contained in file(s) ['/home/jguven/projects/metalloenzymes/starmap/outputs/with_min/SOMD_2/lig_1~lig_8/bound/lambda_0.0000/simfile.dat', '/home/jguven/projects/metalloenzymes/starmap/outputs/with_min/SOMD_2/lig_1~lig_8/bound/lambda_0.1000/simfile.dat', '/home/jguven/projects/metalloenzymes/starmap/outputs/with_min/SOMD_2/lig_1~lig_8/bound/lambda_0.2000/simfile.dat', '/home/jguven/projects/metalloenzymes/starmap/outputs/with_min/SOMD_2/lig_1~lig_8/bound/lambda_0.3000/simfile.dat', '/home/jguven/projects/metalloenzymes/starmap/outputs/with_min/SOMD_2/lig_1~lig_8/bound/lambda_0.4000/simfile.dat', '/home/jguven/projects/metalloenzymes/starmap/outputs/with_min/SOMD_2/lig_1~lig_8/bound/lambda_0.5000/simfile.dat', '/home/jguven/projects/metalloenzymes/starmap/outputs/with_min/SOMD_2/lig_1~lig_8/bound/lambda_0.6000/simfile.dat', '/home/jguven/projects/metalloenzymes/starmap/outputs/with_min/SOMD_2/lig_1~lig_8/bound/lambda_0.7000/simfile.dat', '/home/jguven/projects/metalloenzymes/starmap/outputs/with_min/SOMD_2/lig_1~lig_8/bound/lambda_0.8000/simfile.dat', '/home/jguven/projects/metalloenzymes/starmap/outputs/with_min/SOMD_2/lig_1~lig_8/bound/lambda_0.9000/simfile.dat', '/home/jguven/projects/metalloenzymes/starmap/outputs/with_min/SOMD_2/lig_1~lig_8/bound/lambda_1.0000/simfile.dat']
#Overlap matrix
0.7800 0.2121 0.0079 0.0000 0.0000 0.0000 0.0000 0.0000 0.0000 0.0000 0.0000
0.2121 0.5805 0.1990 0.0084 0.0000 0.0000 0.0000 0.0000 0.0000 0.0000 0.0000
0.0079 0.1990 0.5871 0.1973 0.0085 0.0001 0.0000 0.0000 0.0000 0.0000 0.0000
0.0000 0.0084 0.1973 0.5811 0.2024 0.0106 0.0001 0.0000 0.0000 0.0000 0.0000
0.0000 0.0000 0.0085 0.2024 0.5612 0.2154 0.0123 0.0001 0.0000 0.0000 0.0000
0.0000 0.0000 0.0001 0.0106 0.2154 0.5625 0.2025 0.0088 0.0001 0.0000 0.0000
0.0000 0.0000 0.0000 0.0001 0.0123 0.2025 0.5621 0.2109 0.0119 0.0001 0.0000
0.0000 0.0000 0.0000 0.0000 0.0001 0.0088 0.2109 0.5601 0.2121 0.0080 0.0000
0.0000 0.0000 0.0000 0.0000 0.0000 0.0001 0.0119 0.2121 0.5848 0.1868 0.0044
0.0000 0.0000 0.0000 0.0000 0.0000 0.0000 0.0001 0.0080 0.1868 0.6438 0.1613
0.0000 0.0000 0.0000 0.0000 0.0000 0.0000 0.0000 0.0000 0.0044 0.1613 0.8343
#DG from neighbouring lambda in kcal/mol
0.0000 0.1000 9.5560 0.0406
0.1000 0.2000 8.7981 0.0415
0.2000 0.3000 7.9936 0.0416
0.3000 0.4000 7.1581 0.0404
0.4000 0.5000 6.4198 0.0378
0.5000 0.6000 5.7272 0.0401
0.6000 0.7000 4.8648 0.0389
0.7000 0.8000 4.3455 0.0388
0.8000 0.9000 3.8968 0.0443
0.9000 1.0000 3.6831 0.0511
#PMF from MBAR in kcal/mol
0.0000 0.0000 0.0000
0.1000 9.5560 0.0406
0.2000 18.3540 0.0667
0.3000 26.3476 0.0851
0.4000 33.5057 0.0997
0.5000 39.9255 0.1114
0.6000 45.6527 0.1226
0.7000 50.5175 0.1327
0.8000 54.8630 0.1419
0.9000 58.7598 0.1522
1.0000 62.4429 0.1640
#TI average gradients and standard deviation in kcal/mol
0.0000 97.5931 12.9794
0.1000 91.7246 13.2366
0.2000 83.8039 13.3948
0.3000 76.6452 12.6678
0.4000 67.3687 12.6018
0.5000 60.4856 11.9694
0.6000 52.0718 13.0145
0.7000 46.4536 12.1722
0.8000 41.2118 13.1670
0.9000 36.8820 14.2611
1.0000 37.9439 16.1376
#PMF from TI in kcal/mol
0.0000 0.0000
0.1000 9.4659
0.2000 18.2423
0.3000 26.2648
0.4000 33.4655
0.5000 39.8582
0.6000 45.4861
0.7000 50.4123
0.8000 54.7956
0.9000 58.7003
1.0000 62.4416
#MBAR free energy difference in kcal/mol: 
62.442878, 0.164046 
#TI free energy difference in kcal/mol: 
62.441579  
