# Analysing data contained in file(s) ['/home/jguven/projects/metalloenzymes/starmap/outputs/with_min/SOMD_1/lig_1~lig_9/bound/lambda_0.0000/simfile.dat', '/home/jguven/projects/metalloenzymes/starmap/outputs/with_min/SOMD_1/lig_1~lig_9/bound/lambda_0.1000/simfile.dat', '/home/jguven/projects/metalloenzymes/starmap/outputs/with_min/SOMD_1/lig_1~lig_9/bound/lambda_0.2000/simfile.dat', '/home/jguven/projects/metalloenzymes/starmap/outputs/with_min/SOMD_1/lig_1~lig_9/bound/lambda_0.3000/simfile.dat', '/home/jguven/projects/metalloenzymes/starmap/outputs/with_min/SOMD_1/lig_1~lig_9/bound/lambda_0.4000/simfile.dat', '/home/jguven/projects/metalloenzymes/starmap/outputs/with_min/SOMD_1/lig_1~lig_9/bound/lambda_0.5000/simfile.dat', '/home/jguven/projects/metalloenzymes/starmap/outputs/with_min/SOMD_1/lig_1~lig_9/bound/lambda_0.6000/simfile.dat', '/home/jguven/projects/metalloenzymes/starmap/outputs/with_min/SOMD_1/lig_1~lig_9/bound/lambda_0.7000/simfile.dat', '/home/jguven/projects/metalloenzymes/starmap/outputs/with_min/SOMD_1/lig_1~lig_9/bound/lambda_0.8000/simfile.dat', '/home/jguven/projects/metalloenzymes/starmap/outputs/with_min/SOMD_1/lig_1~lig_9/bound/lambda_0.9000/simfile.dat', '/home/jguven/projects/metalloenzymes/starmap/outputs/with_min/SOMD_1/lig_1~lig_9/bound/lambda_1.0000/simfile.dat']
#Overlap matrix
0.5074 0.2061 0.1353 0.0794 0.0414 0.0191 0.0077 0.0026 0.0008 0.0002 0.0000
0.3709 0.1957 0.1636 0.1196 0.0762 0.0422 0.0201 0.0081 0.0027 0.0007 0.0001
0.2436 0.1636 0.1706 0.1526 0.1172 0.0773 0.0435 0.0207 0.0080 0.0024 0.0005
0.1428 0.1196 0.1526 0.1647 0.1511 0.1182 0.0787 0.0439 0.0198 0.0069 0.0016
0.0745 0.0762 0.1172 0.1511 0.1648 0.1529 0.1207 0.0797 0.0420 0.0166 0.0045
0.0343 0.0422 0.0773 0.1182 0.1529 0.1687 0.1589 0.1251 0.0772 0.0347 0.0104
0.0138 0.0201 0.0435 0.0787 0.1207 0.1589 0.1801 0.1715 0.1262 0.0649 0.0216
0.0048 0.0081 0.0207 0.0439 0.0797 0.1251 0.1715 0.2020 0.1864 0.1148 0.0431
0.0014 0.0027 0.0080 0.0198 0.0420 0.0772 0.1262 0.1864 0.2366 0.2034 0.0962
0.0003 0.0007 0.0024 0.0069 0.0166 0.0347 0.0649 0.1148 0.2034 0.3043 0.2511
0.0000 0.0001 0.0005 0.0016 0.0045 0.0104 0.0216 0.0431 0.0962 0.2511 0.5708
#DG from neighbouring lambda in kcal/mol
0.0000 0.1000 2.4071 0.0030
0.1000 0.2000 2.3810 0.0027
0.2000 0.3000 2.3336 0.0026
0.3000 0.4000 2.2839 0.0025
0.4000 0.5000 2.2185 0.0025
0.5000 0.6000 2.1466 0.0026
0.6000 0.7000 2.0981 0.0028
0.7000 0.8000 2.1492 0.0035
0.8000 0.9000 2.3819 0.0050
0.9000 1.0000 2.9412 0.0078
#PMF from MBAR in kcal/mol
0.0000 0.0000 0.0000
0.1000 2.4071 0.0030
0.2000 4.7882 0.0054
0.3000 7.1218 0.0075
0.4000 9.4057 0.0092
0.5000 11.6241 0.0108
0.6000 13.7707 0.0121
0.7000 15.8688 0.0134
0.8000 18.0180 0.0148
0.9000 20.3999 0.0167
1.0000 23.3411 0.0197
#TI average gradients and standard deviation in kcal/mol
0.0000 23.2790 3.8479
0.1000 13.2101 12.1328
0.2000 13.3270 12.2301
0.3000 13.1377 12.0329
0.4000 12.2151 11.2497
0.5000 12.3283 11.3557
0.6000 11.8485 10.9225
0.7000 11.5385 10.7376
0.8000 12.8321 12.1465
0.9000 14.1615 13.7838
1.0000 19.0303 18.6254
#PMF from TI in kcal/mol
0.0000 0.0000
0.1000 1.8245
0.2000 3.1513
0.3000 4.4745
0.4000 5.7422
0.5000 6.9693
0.6000 8.1782
0.7000 9.3475
0.8000 10.5661
0.9000 11.9157
1.0000 13.5753
#MBAR free energy difference in kcal/mol: 
23.341077, 0.019719  #WARNING SUBSAMPLING DISABLED, CONSIDER RERUN WITH SUBSAMPLING OPTION
#TI free energy difference in kcal/mol: 
13.575340  #WARNING SUBSAMPLING DISABLED, CONSIDER RERUN WITH SUBSAMPLING OPTION 
