# Analysing data contained in file(s) ['/home/jguven/projects/metalloenzymes/starmap/outputs/with_min/SOMD_3/lig_1~lig_10/unbound/lambda_0.0000/simfile.dat', '/home/jguven/projects/metalloenzymes/starmap/outputs/with_min/SOMD_3/lig_1~lig_10/unbound/lambda_0.1000/simfile.dat', '/home/jguven/projects/metalloenzymes/starmap/outputs/with_min/SOMD_3/lig_1~lig_10/unbound/lambda_0.2000/simfile.dat', '/home/jguven/projects/metalloenzymes/starmap/outputs/with_min/SOMD_3/lig_1~lig_10/unbound/lambda_0.3000/simfile.dat', '/home/jguven/projects/metalloenzymes/starmap/outputs/with_min/SOMD_3/lig_1~lig_10/unbound/lambda_0.4000/simfile.dat', '/home/jguven/projects/metalloenzymes/starmap/outputs/with_min/SOMD_3/lig_1~lig_10/unbound/lambda_0.5000/simfile.dat', '/home/jguven/projects/metalloenzymes/starmap/outputs/with_min/SOMD_3/lig_1~lig_10/unbound/lambda_0.6000/simfile.dat', '/home/jguven/projects/metalloenzymes/starmap/outputs/with_min/SOMD_3/lig_1~lig_10/unbound/lambda_0.7000/simfile.dat', '/home/jguven/projects/metalloenzymes/starmap/outputs/with_min/SOMD_3/lig_1~lig_10/unbound/lambda_0.8000/simfile.dat', '/home/jguven/projects/metalloenzymes/starmap/outputs/with_min/SOMD_3/lig_1~lig_10/unbound/lambda_0.9000/simfile.dat', '/home/jguven/projects/metalloenzymes/starmap/outputs/with_min/SOMD_3/lig_1~lig_10/unbound/lambda_1.0000/simfile.dat']
#Overlap matrix
0.6520 0.2833 0.0596 0.0050 0.0001 0.0000 0.0000 0.0000 0.0000 0.0000 0.0000
0.2833 0.4103 0.2468 0.0552 0.0043 0.0001 0.0000 0.0000 0.0000 0.0000 0.0000
0.0596 0.2468 0.3983 0.2392 0.0518 0.0042 0.0001 0.0000 0.0000 0.0000 0.0000
0.0050 0.0552 0.2392 0.4026 0.2419 0.0518 0.0042 0.0001 0.0000 0.0000 0.0000
0.0001 0.0043 0.0518 0.2419 0.4078 0.2444 0.0468 0.0027 0.0001 0.0000 0.0000
0.0000 0.0001 0.0042 0.0518 0.2444 0.4360 0.2300 0.0319 0.0015 0.0000 0.0000
0.0000 0.0000 0.0001 0.0042 0.0468 0.2300 0.4719 0.2220 0.0244 0.0006 0.0000
0.0000 0.0000 0.0000 0.0001 0.0027 0.0319 0.2220 0.5227 0.2087 0.0118 0.0001
0.0000 0.0000 0.0000 0.0000 0.0001 0.0015 0.0244 0.2087 0.5826 0.1796 0.0031
0.0000 0.0000 0.0000 0.0000 0.0000 0.0000 0.0006 0.0118 0.1796 0.6961 0.1119
0.0000 0.0000 0.0000 0.0000 0.0000 0.0000 0.0000 0.0001 0.0031 0.1119 0.8849
#DG from neighbouring lambda in kcal/mol
0.0000 0.1000 9.8086 0.0193
0.1000 0.2000 9.2329 0.0183
0.2000 0.3000 8.6035 0.0191
0.3000 0.4000 7.9496 0.0191
0.4000 0.5000 7.4013 0.0194
0.5000 0.6000 6.9731 0.0222
0.6000 0.7000 6.5671 0.0249
0.7000 0.8000 6.4563 0.0284
0.8000 0.9000 6.9643 0.0347
0.9000 1.0000 9.0736 0.0506
#PMF from MBAR in kcal/mol
0.0000 0.0000 0.0000
0.1000 9.8086 0.0193
0.2000 19.0415 0.0327
0.3000 27.6450 0.0430
0.4000 35.5946 0.0513
0.5000 42.9959 0.0585
0.6000 49.9691 0.0658
0.7000 56.5362 0.0736
0.8000 62.9925 0.0819
0.9000 69.9569 0.0922
1.0000 79.0305 0.1083
#TI average gradients and standard deviation in kcal/mol
0.0000 96.6192 8.4773
0.1000 95.2545 8.6679
0.2000 88.9167 8.4499
0.3000 82.4932 8.7519
0.4000 76.5694 8.7829
0.5000 71.9184 9.4070
0.6000 67.4786 10.4626
0.7000 63.8953 11.5642
0.8000 65.0024 13.1201
0.9000 76.5938 15.7637
1.0000 108.7416 21.3754
#PMF from TI in kcal/mol
0.0000 0.0000
0.1000 9.5937
0.2000 18.8023
0.3000 27.3727
0.4000 35.3259
0.5000 42.7503
0.6000 49.7201
0.7000 56.2888
0.8000 62.7337
0.9000 69.8135
1.0000 79.0803
#MBAR free energy difference in kcal/mol: 
79.030494, 0.108267 
#TI free energy difference in kcal/mol: 
79.080265  
