# Analysing data contained in file(s) ['/home/jguven/projects/metalloenzymes/kpc2/outputs/SOMD/lig_9~lig_10/bound/lambda_0.0000/simfile.dat', '/home/jguven/projects/metalloenzymes/kpc2/outputs/SOMD/lig_9~lig_10/bound/lambda_0.0625/simfile.dat', '/home/jguven/projects/metalloenzymes/kpc2/outputs/SOMD/lig_9~lig_10/bound/lambda_0.1250/simfile.dat', '/home/jguven/projects/metalloenzymes/kpc2/outputs/SOMD/lig_9~lig_10/bound/lambda_0.1875/simfile.dat', '/home/jguven/projects/metalloenzymes/kpc2/outputs/SOMD/lig_9~lig_10/bound/lambda_0.2500/simfile.dat', '/home/jguven/projects/metalloenzymes/kpc2/outputs/SOMD/lig_9~lig_10/bound/lambda_0.3125/simfile.dat', '/home/jguven/projects/metalloenzymes/kpc2/outputs/SOMD/lig_9~lig_10/bound/lambda_0.3750/simfile.dat', '/home/jguven/projects/metalloenzymes/kpc2/outputs/SOMD/lig_9~lig_10/bound/lambda_0.4375/simfile.dat', '/home/jguven/projects/metalloenzymes/kpc2/outputs/SOMD/lig_9~lig_10/bound/lambda_0.5000/simfile.dat', '/home/jguven/projects/metalloenzymes/kpc2/outputs/SOMD/lig_9~lig_10/bound/lambda_0.5625/simfile.dat', '/home/jguven/projects/metalloenzymes/kpc2/outputs/SOMD/lig_9~lig_10/bound/lambda_0.6250/simfile.dat', '/home/jguven/projects/metalloenzymes/kpc2/outputs/SOMD/lig_9~lig_10/bound/lambda_0.6875/simfile.dat', '/home/jguven/projects/metalloenzymes/kpc2/outputs/SOMD/lig_9~lig_10/bound/lambda_0.7500/simfile.dat', '/home/jguven/projects/metalloenzymes/kpc2/outputs/SOMD/lig_9~lig_10/bound/lambda_0.8125/simfile.dat', '/home/jguven/projects/metalloenzymes/kpc2/outputs/SOMD/lig_9~lig_10/bound/lambda_0.8750/simfile.dat', '/home/jguven/projects/metalloenzymes/kpc2/outputs/SOMD/lig_9~lig_10/bound/lambda_0.9375/simfile.dat', '/home/jguven/projects/metalloenzymes/kpc2/outputs/SOMD/lig_9~lig_10/bound/lambda_1.0000/simfile.dat']
#Overlap matrix
0.8000 0.1844 0.0148 0.0008 0.0000 0.0000 0.0000 0.0000 0.0000 0.0000 0.0000 0.0000 0.0000 0.0000 0.0000 0.0000 0.0000
0.1844 0.5465 0.2351 0.0319 0.0021 0.0001 0.0000 0.0000 0.0000 0.0000 0.0000 0.0000 0.0000 0.0000 0.0000 0.0000 0.0000
0.0148 0.2351 0.4820 0.2276 0.0373 0.0031 0.0002 0.0000 0.0000 0.0000 0.0000 0.0000 0.0000 0.0000 0.0000 0.0000 0.0000
0.0008 0.0319 0.2276 0.4504 0.2381 0.0459 0.0048 0.0003 0.0000 0.0000 0.0000 0.0000 0.0000 0.0000 0.0000 0.0000 0.0000
0.0000 0.0021 0.0373 0.2381 0.4237 0.2364 0.0550 0.0069 0.0005 0.0000 0.0000 0.0000 0.0000 0.0000 0.0000 0.0000 0.0000
0.0000 0.0001 0.0031 0.0459 0.2364 0.4057 0.2405 0.0601 0.0075 0.0006 0.0000 0.0000 0.0000 0.0000 0.0000 0.0000 0.0000
0.0000 0.0000 0.0002 0.0048 0.0550 0.2405 0.3950 0.2389 0.0573 0.0076 0.0007 0.0000 0.0000 0.0000 0.0000 0.0000 0.0000
0.0000 0.0000 0.0000 0.0003 0.0069 0.0601 0.2389 0.3970 0.2324 0.0566 0.0074 0.0005 0.0000 0.0000 0.0000 0.0000 0.0000
0.0000 0.0000 0.0000 0.0000 0.0005 0.0075 0.0573 0.2324 0.4022 0.2395 0.0546 0.0057 0.0003 0.0000 0.0000 0.0000 0.0000
0.0000 0.0000 0.0000 0.0000 0.0000 0.0006 0.0076 0.0566 0.2395 0.4141 0.2318 0.0464 0.0033 0.0001 0.0000 0.0000 0.0000
0.0000 0.0000 0.0000 0.0000 0.0000 0.0000 0.0007 0.0074 0.0546 0.2318 0.4279 0.2429 0.0334 0.0013 0.0000 0.0000 0.0000
0.0000 0.0000 0.0000 0.0000 0.0000 0.0000 0.0000 0.0005 0.0057 0.0464 0.2429 0.4750 0.2083 0.0202 0.0009 0.0000 0.0000
0.0000 0.0000 0.0000 0.0000 0.0000 0.0000 0.0000 0.0000 0.0003 0.0033 0.0334 0.2083 0.5080 0.2241 0.0221 0.0006 0.0000
0.0000 0.0000 0.0000 0.0000 0.0000 0.0000 0.0000 0.0000 0.0000 0.0001 0.0013 0.0202 0.2241 0.5267 0.2126 0.0149 0.0002
0.0000 0.0000 0.0000 0.0000 0.0000 0.0000 0.0000 0.0000 0.0000 0.0000 0.0000 0.0009 0.0221 0.2126 0.5586 0.1987 0.0072
0.0000 0.0000 0.0000 0.0000 0.0000 0.0000 0.0000 0.0000 0.0000 0.0000 0.0000 0.0000 0.0006 0.0149 0.1987 0.6013 0.1845
0.0000 0.0000 0.0000 0.0000 0.0000 0.0000 0.0000 0.0000 0.0000 0.0000 0.0000 0.0000 0.0000 0.0002 0.0072 0.1845 0.8081
#DG from neighbouring lambda in kcal/mol
0.0000 0.0625 -6.4475 0.0396
0.0625 0.1250 -5.0725 0.0286
0.1250 0.1875 -4.2961 0.0270
0.1875 0.2500 -4.0452 0.0244
0.2500 0.3125 -4.0048 0.0229
0.3125 0.3750 -3.9871 0.0212
0.3750 0.4375 -3.9218 0.0210
0.4375 0.5000 -3.8942 0.0218
0.5000 0.5625 -3.8917 0.0215
0.5625 0.6250 -3.8265 0.0232
0.6250 0.6875 -3.7264 0.0242
0.6875 0.7500 -3.5496 0.0307
0.7500 0.8125 -3.6411 0.0303
0.8125 0.8750 -3.3792 0.0324
0.8750 0.9375 -2.9454 0.0363
0.9375 1.0000 -2.3902 0.0408
#PMF from MBAR in kcal/mol
0.0000 0.0000 0.0000
0.0625 -6.4475 0.0396
0.1250 -11.5200 0.0560
0.1875 -15.8161 0.0670
0.2500 -19.8613 0.0754
0.3125 -23.8662 0.0823
0.3750 -27.8533 0.0880
0.4375 -31.7751 0.0931
0.5000 -35.6693 0.0982
0.5625 -39.5610 0.1030
0.6250 -43.3874 0.1079
0.6875 -47.1138 0.1130
0.7500 -50.6633 0.1197
0.8125 -54.3044 0.1264
0.8750 -57.6836 0.1331
0.9375 -60.6289 0.1406
1.0000 -63.0191 0.1494
#TI average gradients and standard deviation in kcal/mol
0.0000 -120.3232 19.9006
0.0625 -88.6504 17.7649
0.1250 -70.5863 19.4692
0.1875 -65.1377 14.3561
0.2500 -64.1584 12.2368
0.3125 -66.2242 12.8637
0.3750 -61.6890 15.0701
0.4375 -62.4157 12.0197
0.5000 -64.6327 14.7004
0.5625 -60.2342 18.9522
0.6250 -62.2844 14.1722
0.6875 -53.5076 19.0915
0.7500 -53.5151 20.4189
0.8125 -52.1647 15.4215
0.8750 -47.1850 15.1520
0.9375 -44.9978 19.1587
1.0000 -27.2794 19.9360
#PMF from TI in kcal/mol
0.0000 0.0000
0.0625 -6.5304
0.1250 -11.5066
0.1875 -15.7479
0.2500 -19.7884
0.3125 -23.8629
0.3750 -27.8602
0.4375 -31.7385
0.5000 -35.7087
0.5625 -39.6108
0.6250 -43.4395
0.6875 -47.0580
0.7500 -50.4025
0.8125 -53.7050
0.8750 -56.8097
0.9375 -59.6904
1.0000 -61.9490
#MBAR free energy difference in kcal/mol: 
-63.019096, 0.149374 
#TI free energy difference in kcal/mol: 
-61.949031  #WARNING SUBSAMPLING GRADIENTS RESULTED IN LESS THAN 50 SAMPLES, CONSIDER RERUN WITHOUT SUBSAMPLE OPTION 
