# Analysing data contained in file(s) ['/home/jguven/projects/metalloenzymes/kpc2/outputs/SOMD/lig_13~lig_6/unbound/lambda_0.0000/simfile.dat', '/home/jguven/projects/metalloenzymes/kpc2/outputs/SOMD/lig_13~lig_6/unbound/lambda_0.1000/simfile.dat', '/home/jguven/projects/metalloenzymes/kpc2/outputs/SOMD/lig_13~lig_6/unbound/lambda_0.2000/simfile.dat', '/home/jguven/projects/metalloenzymes/kpc2/outputs/SOMD/lig_13~lig_6/unbound/lambda_0.3000/simfile.dat', '/home/jguven/projects/metalloenzymes/kpc2/outputs/SOMD/lig_13~lig_6/unbound/lambda_0.4000/simfile.dat', '/home/jguven/projects/metalloenzymes/kpc2/outputs/SOMD/lig_13~lig_6/unbound/lambda_0.5000/simfile.dat', '/home/jguven/projects/metalloenzymes/kpc2/outputs/SOMD/lig_13~lig_6/unbound/lambda_0.6000/simfile.dat', '/home/jguven/projects/metalloenzymes/kpc2/outputs/SOMD/lig_13~lig_6/unbound/lambda_0.7000/simfile.dat', '/home/jguven/projects/metalloenzymes/kpc2/outputs/SOMD/lig_13~lig_6/unbound/lambda_0.8000/simfile.dat', '/home/jguven/projects/metalloenzymes/kpc2/outputs/SOMD/lig_13~lig_6/unbound/lambda_0.9000/simfile.dat', '/home/jguven/projects/metalloenzymes/kpc2/outputs/SOMD/lig_13~lig_6/unbound/lambda_1.0000/simfile.dat']
#Overlap matrix
0.8326 0.1659 0.0015 0.0000 0.0000 0.0000 0.0000 0.0000 0.0000 0.0000 0.0000
0.1659 0.6891 0.1438 0.0012 0.0000 0.0000 0.0000 0.0000 0.0000 0.0000 0.0000
0.0015 0.1438 0.7132 0.1408 0.0007 0.0000 0.0000 0.0000 0.0000 0.0000 0.0000
0.0000 0.0012 0.1408 0.7279 0.1296 0.0004 0.0000 0.0000 0.0000 0.0000 0.0000
0.0000 0.0000 0.0007 0.1296 0.7478 0.1216 0.0003 0.0000 0.0000 0.0000 0.0000
0.0000 0.0000 0.0000 0.0004 0.1216 0.7693 0.1085 0.0002 0.0000 0.0000 0.0000
0.0000 0.0000 0.0000 0.0000 0.0003 0.1085 0.7857 0.1054 0.0001 0.0000 0.0000
0.0000 0.0000 0.0000 0.0000 0.0000 0.0002 0.1054 0.8059 0.0885 0.0000 0.0000
0.0000 0.0000 0.0000 0.0000 0.0000 0.0000 0.0001 0.0885 0.8325 0.0789 0.0000
0.0000 0.0000 0.0000 0.0000 0.0000 0.0000 0.0000 0.0000 0.0789 0.8549 0.0662
0.0000 0.0000 0.0000 0.0000 0.0000 0.0000 0.0000 0.0000 0.0000 0.0662 0.9338
#DG from neighbouring lambda in kcal/mol
0.0000 0.1000 2.8180 0.0376
0.1000 0.2000 2.5282 0.0414
0.2000 0.3000 2.3317 0.0422
0.3000 0.4000 2.1249 0.0448
0.4000 0.5000 1.9778 0.0469
0.5000 0.6000 1.8314 0.0505
0.6000 0.7000 1.7324 0.0515
0.7000 0.8000 1.6646 0.0575
0.8000 0.9000 1.7693 0.0616
0.9000 1.0000 2.3946 0.0683
#PMF from MBAR in kcal/mol
0.0000 0.0000 0.0000
0.1000 2.8180 0.0376
0.2000 5.3462 0.0616
0.3000 7.6778 0.0790
0.4000 9.8027 0.0946
0.5000 11.7805 0.1088
0.6000 13.6119 0.1228
0.7000 15.3443 0.1358
0.8000 17.0089 0.1498
0.9000 18.7783 0.1641
1.0000 21.1729 0.1797
#TI average gradients and standard deviation in kcal/mol
0.0000 26.9133 14.4523
0.1000 26.6485 14.9406
0.2000 24.4849 15.3810
0.3000 22.4012 16.2091
0.4000 20.2731 16.9037
0.5000 18.7034 17.3515
0.6000 16.8666 17.6405
0.7000 16.1632 18.4421
0.8000 16.8723 18.9986
0.9000 19.9704 20.2061
1.0000 28.1490 23.0105
#PMF from TI in kcal/mol
0.0000 0.0000
0.1000 2.6781
0.2000 5.2348
0.3000 7.5791
0.4000 9.7128
0.5000 11.6616
0.6000 13.4401
0.7000 15.0916
0.8000 16.7434
0.9000 18.5855
1.0000 20.9915
#MBAR free energy difference in kcal/mol: 
21.172876, 0.179725 
#TI free energy difference in kcal/mol: 
20.991483  
