# Analysing data contained in file(s) ['/home/jguven/projects/metalloenzymes/kpc2/outputs/SOMD/lig_2~lig_4/unbound/lambda_0.0000/simfile.dat', '/home/jguven/projects/metalloenzymes/kpc2/outputs/SOMD/lig_2~lig_4/unbound/lambda_0.1000/simfile.dat', '/home/jguven/projects/metalloenzymes/kpc2/outputs/SOMD/lig_2~lig_4/unbound/lambda_0.2000/simfile.dat', '/home/jguven/projects/metalloenzymes/kpc2/outputs/SOMD/lig_2~lig_4/unbound/lambda_0.3000/simfile.dat', '/home/jguven/projects/metalloenzymes/kpc2/outputs/SOMD/lig_2~lig_4/unbound/lambda_0.4000/simfile.dat', '/home/jguven/projects/metalloenzymes/kpc2/outputs/SOMD/lig_2~lig_4/unbound/lambda_0.5000/simfile.dat', '/home/jguven/projects/metalloenzymes/kpc2/outputs/SOMD/lig_2~lig_4/unbound/lambda_0.6000/simfile.dat', '/home/jguven/projects/metalloenzymes/kpc2/outputs/SOMD/lig_2~lig_4/unbound/lambda_0.7000/simfile.dat', '/home/jguven/projects/metalloenzymes/kpc2/outputs/SOMD/lig_2~lig_4/unbound/lambda_0.8000/simfile.dat', '/home/jguven/projects/metalloenzymes/kpc2/outputs/SOMD/lig_2~lig_4/unbound/lambda_0.9000/simfile.dat', '/home/jguven/projects/metalloenzymes/kpc2/outputs/SOMD/lig_2~lig_4/unbound/lambda_1.0000/simfile.dat']
#Overlap matrix
0.9658 0.0342 0.0000 0.0000 0.0000 0.0000 0.0000 0.0000 0.0000 0.0000 0.0000
0.0342 0.9329 0.0329 0.0000 0.0000 0.0000 0.0000 0.0000 0.0000 0.0000 0.0000
0.0000 0.0329 0.9392 0.0279 0.0000 0.0000 0.0000 0.0000 0.0000 0.0000 0.0000
0.0000 0.0000 0.0279 0.9370 0.0351 0.0001 0.0000 0.0000 0.0000 0.0000 0.0000
0.0000 0.0000 0.0000 0.0351 0.9143 0.0507 0.0000 0.0000 0.0000 0.0000 0.0000
0.0000 0.0000 0.0000 0.0001 0.0507 0.9108 0.0384 0.0001 0.0000 0.0000 0.0000
0.0000 0.0000 0.0000 0.0000 0.0000 0.0384 0.8670 0.0944 0.0002 0.0000 0.0000
0.0000 0.0000 0.0000 0.0000 0.0000 0.0001 0.0944 0.8194 0.0859 0.0002 0.0000
0.0000 0.0000 0.0000 0.0000 0.0000 0.0000 0.0002 0.0859 0.8125 0.1011 0.0003
0.0000 0.0000 0.0000 0.0000 0.0000 0.0000 0.0000 0.0002 0.1011 0.7981 0.1006
0.0000 0.0000 0.0000 0.0000 0.0000 0.0000 0.0000 0.0000 0.0003 0.1006 0.8990
#DG from neighbouring lambda in kcal/mol
0.0000 0.1000 0.5290 0.0959
0.1000 0.2000 -0.1634 0.0978
0.2000 0.3000 -0.4276 0.1068
0.3000 0.4000 -0.1437 0.0945
0.4000 0.5000 2.0401 0.0773
0.5000 0.6000 0.6827 0.0900
0.6000 0.7000 0.7250 0.0537
0.7000 0.8000 0.2143 0.0569
0.8000 0.9000 -0.7205 0.0514
0.9000 1.0000 -0.5848 0.0516
#PMF from MBAR in kcal/mol
0.0000 0.0000 0.0000
0.1000 0.5290 0.0959
0.2000 0.3656 0.1394
0.3000 -0.0620 0.1775
0.4000 -0.2056 0.2028
0.5000 1.8344 0.2185
0.6000 2.5171 0.2377
0.7000 3.2421 0.2450
0.8000 3.4565 0.2529
0.9000 2.7359 0.2593
1.0000 2.1511 0.2656
#TI average gradients and standard deviation in kcal/mol
0.0000 2.7318 25.4497
0.1000 3.4243 24.8598
0.2000 -3.0430 25.6107
0.3000 -6.0825 26.7591
0.4000 9.2669 22.8014
0.5000 19.2871 29.0006
0.6000 2.6569 21.0829
0.7000 8.7690 18.5257
0.8000 -3.7501 18.3464
0.9000 -9.3048 17.8011
1.0000 5.6940 18.7254
#PMF from TI in kcal/mol
0.0000 0.0000
0.1000 0.3078
0.2000 0.3269
0.3000 -0.1294
0.4000 0.0298
0.5000 1.4575
0.6000 2.5547
0.7000 3.1260
0.8000 3.3769
0.9000 2.7242
1.0000 2.5437
#MBAR free energy difference in kcal/mol: 
2.151084, 0.265630 
#TI free energy difference in kcal/mol: 
2.543659  
