# Analysing data contained in file(s) ['/home/jguven/projects/metalloenzymes/starmap/outputs/with_min/SOMD_1/lig_1~lig_4/unbound/lambda_0.0000/simfile.dat', '/home/jguven/projects/metalloenzymes/starmap/outputs/with_min/SOMD_1/lig_1~lig_4/unbound/lambda_0.1000/simfile.dat', '/home/jguven/projects/metalloenzymes/starmap/outputs/with_min/SOMD_1/lig_1~lig_4/unbound/lambda_0.2000/simfile.dat', '/home/jguven/projects/metalloenzymes/starmap/outputs/with_min/SOMD_1/lig_1~lig_4/unbound/lambda_0.3000/simfile.dat', '/home/jguven/projects/metalloenzymes/starmap/outputs/with_min/SOMD_1/lig_1~lig_4/unbound/lambda_0.4000/simfile.dat', '/home/jguven/projects/metalloenzymes/starmap/outputs/with_min/SOMD_1/lig_1~lig_4/unbound/lambda_0.5000/simfile.dat', '/home/jguven/projects/metalloenzymes/starmap/outputs/with_min/SOMD_1/lig_1~lig_4/unbound/lambda_0.6000/simfile.dat', '/home/jguven/projects/metalloenzymes/starmap/outputs/with_min/SOMD_1/lig_1~lig_4/unbound/lambda_0.7000/simfile.dat', '/home/jguven/projects/metalloenzymes/starmap/outputs/with_min/SOMD_1/lig_1~lig_4/unbound/lambda_0.8000/simfile.dat', '/home/jguven/projects/metalloenzymes/starmap/outputs/with_min/SOMD_1/lig_1~lig_4/unbound/lambda_0.9000/simfile.dat', '/home/jguven/projects/metalloenzymes/starmap/outputs/with_min/SOMD_1/lig_1~lig_4/unbound/lambda_1.0000/simfile.dat']
#Overlap matrix
0.6830 0.1850 0.0927 0.0312 0.0069 0.0010 0.0001 0.0000 0.0000 0.0000 0.0000
0.3699 0.3658 0.1593 0.0738 0.0249 0.0054 0.0008 0.0001 0.0000 0.0000 0.0000
0.1854 0.1593 0.2774 0.2185 0.1124 0.0376 0.0082 0.0011 0.0001 0.0000 0.0000
0.0625 0.0738 0.2185 0.2719 0.2156 0.1116 0.0375 0.0076 0.0008 0.0000 0.0000
0.0139 0.0249 0.1124 0.2156 0.2657 0.2148 0.1124 0.0348 0.0053 0.0003 0.0000
0.0020 0.0054 0.0376 0.1116 0.2148 0.2719 0.2232 0.1078 0.0238 0.0018 0.0000
0.0002 0.0008 0.0082 0.0375 0.1124 0.2232 0.2944 0.2345 0.0808 0.0080 0.0001
0.0000 0.0001 0.0011 0.0076 0.0348 0.1078 0.2345 0.3453 0.2315 0.0365 0.0007
0.0000 0.0000 0.0001 0.0008 0.0053 0.0238 0.0808 0.2315 0.4475 0.2021 0.0081
0.0000 0.0000 0.0000 0.0000 0.0003 0.0018 0.0080 0.0365 0.2021 0.6103 0.1410
0.0000 0.0000 0.0000 0.0000 0.0000 0.0000 0.0001 0.0007 0.0081 0.1410 0.8501
#DG from neighbouring lambda in kcal/mol
0.0000 0.1000 3.5065 0.0068
0.1000 0.2000 3.7217 0.0078
0.2000 0.3000 3.2278 0.0053
0.3000 0.4000 2.9366 0.0051
0.4000 0.5000 2.6235 0.0052
0.5000 0.6000 2.3249 0.0053
0.6000 0.7000 2.1733 0.0062
0.7000 0.8000 2.3623 0.0088
0.8000 0.9000 3.0680 0.0136
0.9000 1.0000 4.7851 0.0209
#PMF from MBAR in kcal/mol
0.0000 0.0000 0.0000
0.1000 3.5065 0.0068
0.2000 7.2282 0.0102
0.3000 10.4560 0.0137
0.4000 13.3926 0.0164
0.5000 16.0161 0.0188
0.6000 18.3410 0.0208
0.7000 20.5142 0.0230
0.8000 22.8765 0.0261
0.9000 25.9446 0.0311
1.0000 30.7297 0.0394
#TI average gradients and standard deviation in kcal/mol
0.0000 22.2656 16.8841
0.1000 18.2554 18.7493
0.2000 16.8418 17.3408
0.3000 15.3766 15.9289
0.4000 13.9232 14.5098
0.5000 12.3517 13.0112
0.6000 11.0411 11.7962
0.7000 10.9962 12.1848
0.8000 13.1676 15.1109
0.9000 18.4044 20.8160
1.0000 30.6394 33.4539
#PMF from TI in kcal/mol
0.0000 0.0000
0.1000 2.0260
0.2000 3.7809
0.3000 5.3918
0.4000 6.8568
0.5000 8.1706
0.6000 9.3402
0.7000 10.4421
0.8000 11.6502
0.9000 13.2288
1.0000 15.6810
#MBAR free energy difference in kcal/mol: 
30.729674, 0.039363  #WARNING SUBSAMPLING DISABLED, CONSIDER RERUN WITH SUBSAMPLING OPTION
#TI free energy difference in kcal/mol: 
15.681027  #WARNING SUBSAMPLING DISABLED, CONSIDER RERUN WITH SUBSAMPLING OPTION 
