# Analysing data contained in file(s) ['/home/jguven/projects/metalloenzymes/starmap/outputs/with_min/SOMD_2/lig_1~lig_11/bound/lambda_0.0000/simfile.dat', '/home/jguven/projects/metalloenzymes/starmap/outputs/with_min/SOMD_2/lig_1~lig_11/bound/lambda_0.1000/simfile.dat', '/home/jguven/projects/metalloenzymes/starmap/outputs/with_min/SOMD_2/lig_1~lig_11/bound/lambda_0.2000/simfile.dat', '/home/jguven/projects/metalloenzymes/starmap/outputs/with_min/SOMD_2/lig_1~lig_11/bound/lambda_0.3000/simfile.dat', '/home/jguven/projects/metalloenzymes/starmap/outputs/with_min/SOMD_2/lig_1~lig_11/bound/lambda_0.4000/simfile.dat', '/home/jguven/projects/metalloenzymes/starmap/outputs/with_min/SOMD_2/lig_1~lig_11/bound/lambda_0.5000/simfile.dat', '/home/jguven/projects/metalloenzymes/starmap/outputs/with_min/SOMD_2/lig_1~lig_11/bound/lambda_0.6000/simfile.dat', '/home/jguven/projects/metalloenzymes/starmap/outputs/with_min/SOMD_2/lig_1~lig_11/bound/lambda_0.7000/simfile.dat', '/home/jguven/projects/metalloenzymes/starmap/outputs/with_min/SOMD_2/lig_1~lig_11/bound/lambda_0.8000/simfile.dat', '/home/jguven/projects/metalloenzymes/starmap/outputs/with_min/SOMD_2/lig_1~lig_11/bound/lambda_0.9000/simfile.dat', '/home/jguven/projects/metalloenzymes/starmap/outputs/with_min/SOMD_2/lig_1~lig_11/bound/lambda_1.0000/simfile.dat']
#Overlap matrix
0.5062 0.2945 0.1358 0.0481 0.0126 0.0024 0.0003 0.0000 0.0000 0.0000 0.0000
0.2945 0.2987 0.2229 0.1211 0.0470 0.0130 0.0025 0.0003 0.0000 0.0000 0.0000
0.1358 0.2229 0.2555 0.2065 0.1169 0.0466 0.0131 0.0025 0.0003 0.0000 0.0000
0.0481 0.1211 0.2065 0.2443 0.2012 0.1163 0.0474 0.0127 0.0021 0.0002 0.0000
0.0126 0.0470 0.1169 0.2012 0.2417 0.2038 0.1203 0.0456 0.0099 0.0009 0.0000
0.0024 0.0130 0.0466 0.1163 0.2038 0.2500 0.2140 0.1168 0.0336 0.0034 0.0001
0.0003 0.0025 0.0131 0.0474 0.1203 0.2140 0.2718 0.2264 0.0927 0.0112 0.0002
0.0000 0.0003 0.0025 0.0127 0.0456 0.1168 0.2264 0.3223 0.2329 0.0396 0.0007
0.0000 0.0000 0.0003 0.0021 0.0099 0.0336 0.0927 0.2329 0.4283 0.1944 0.0058
0.0000 0.0000 0.0000 0.0002 0.0009 0.0034 0.0112 0.0396 0.1944 0.6320 0.1183
0.0000 0.0000 0.0000 0.0000 0.0000 0.0001 0.0002 0.0007 0.0058 0.1183 0.8749
#DG from neighbouring lambda in kcal/mol
0.0000 0.1000 5.4262 0.0123
0.1000 0.2000 5.2890 0.0104
0.2000 0.3000 5.1150 0.0100
0.3000 0.4000 4.9138 0.0100
0.4000 0.5000 4.6850 0.0099
0.5000 0.6000 4.4888 0.0100
0.6000 0.7000 4.4569 0.0119
0.7000 0.8000 4.8677 0.0173
0.8000 0.9000 5.9611 0.0301
0.9000 1.0000 7.9264 0.0519
#PMF from MBAR in kcal/mol
0.0000 0.0000 0.0000
0.1000 5.4262 0.0123
0.2000 10.7152 0.0209
0.3000 15.8302 0.0275
0.4000 20.7440 0.0330
0.5000 25.4291 0.0376
0.6000 29.9179 0.0417
0.7000 34.3748 0.0460
0.8000 39.2424 0.0520
0.9000 45.2035 0.0636
1.0000 53.1299 0.0863
#TI average gradients and standard deviation in kcal/mol
0.0000 51.4101 5.6665
0.1000 53.3048 5.3087
0.2000 52.0746 5.2022
0.3000 50.7791 5.3446
0.4000 47.8043 5.2222
0.5000 45.9191 5.3143
0.6000 44.4047 5.5373
0.7000 45.4021 6.7556
0.8000 53.6261 10.3746
0.9000 67.1597 14.8328
1.0000 91.5761 19.2037
#PMF from TI in kcal/mol
0.0000 0.0000
0.1000 5.2357
0.2000 10.5047
0.3000 15.6474
0.4000 20.5766
0.5000 25.2628
0.6000 29.7789
0.7000 34.2693
0.8000 39.2207
0.9000 45.2600
1.0000 53.1968
#MBAR free energy difference in kcal/mol: 
53.129943, 0.086317 
#TI free energy difference in kcal/mol: 
53.196768  
