# Analysing data contained in file(s) ['/home/jguven/projects/metalloenzymes/starmap/outputs/with_min/SOMD_3/lig_1~lig_12/unbound/lambda_0.0000/simfile.dat', '/home/jguven/projects/metalloenzymes/starmap/outputs/with_min/SOMD_3/lig_1~lig_12/unbound/lambda_0.1000/simfile.dat', '/home/jguven/projects/metalloenzymes/starmap/outputs/with_min/SOMD_3/lig_1~lig_12/unbound/lambda_0.2000/simfile.dat', '/home/jguven/projects/metalloenzymes/starmap/outputs/with_min/SOMD_3/lig_1~lig_12/unbound/lambda_0.3000/simfile.dat', '/home/jguven/projects/metalloenzymes/starmap/outputs/with_min/SOMD_3/lig_1~lig_12/unbound/lambda_0.4000/simfile.dat', '/home/jguven/projects/metalloenzymes/starmap/outputs/with_min/SOMD_3/lig_1~lig_12/unbound/lambda_0.5000/simfile.dat', '/home/jguven/projects/metalloenzymes/starmap/outputs/with_min/SOMD_3/lig_1~lig_12/unbound/lambda_0.6000/simfile.dat', '/home/jguven/projects/metalloenzymes/starmap/outputs/with_min/SOMD_3/lig_1~lig_12/unbound/lambda_0.7000/simfile.dat', '/home/jguven/projects/metalloenzymes/starmap/outputs/with_min/SOMD_3/lig_1~lig_12/unbound/lambda_0.8000/simfile.dat', '/home/jguven/projects/metalloenzymes/starmap/outputs/with_min/SOMD_3/lig_1~lig_12/unbound/lambda_0.9000/simfile.dat', '/home/jguven/projects/metalloenzymes/starmap/outputs/with_min/SOMD_3/lig_1~lig_12/unbound/lambda_1.0000/simfile.dat']
#Overlap matrix
0.5685 0.2996 0.1053 0.0234 0.0031 0.0003 0.0000 0.0000 0.0000 0.0000 0.0000
0.2996 0.3394 0.2373 0.0974 0.0227 0.0033 0.0003 0.0000 0.0000 0.0000 0.0000
0.1053 0.2373 0.3081 0.2277 0.0946 0.0233 0.0034 0.0003 0.0000 0.0000 0.0000
0.0234 0.0974 0.2277 0.3042 0.2293 0.0946 0.0206 0.0026 0.0002 0.0000 0.0000
0.0031 0.0227 0.0946 0.2293 0.3234 0.2341 0.0775 0.0139 0.0014 0.0001 0.0000
0.0003 0.0033 0.0233 0.0946 0.2341 0.3501 0.2276 0.0584 0.0077 0.0006 0.0000
0.0000 0.0003 0.0034 0.0206 0.0775 0.2276 0.4016 0.2199 0.0447 0.0043 0.0001
0.0000 0.0000 0.0003 0.0026 0.0139 0.0584 0.2199 0.4463 0.2262 0.0313 0.0010
0.0000 0.0000 0.0000 0.0002 0.0014 0.0077 0.0447 0.2262 0.5015 0.2065 0.0118
0.0000 0.0000 0.0000 0.0000 0.0001 0.0006 0.0043 0.0313 0.2065 0.5860 0.1711
0.0000 0.0000 0.0000 0.0000 0.0000 0.0000 0.0001 0.0010 0.0118 0.1711 0.8159
#DG from neighbouring lambda in kcal/mol
0.0000 0.1000 2.6119 0.0135
0.1000 0.2000 2.4770 0.0122
0.2000 0.3000 2.3283 0.0121
0.3000 0.4000 2.2031 0.0122
0.4000 0.5000 2.2199 0.0131
0.5000 0.6000 2.3315 0.0159
0.6000 0.7000 2.4482 0.0192
0.7000 0.8000 2.6535 0.0212
0.8000 0.9000 3.2228 0.0262
0.9000 1.0000 4.1954 0.0345
#PMF from MBAR in kcal/mol
0.0000 0.0000 0.0000
0.1000 2.6119 0.0135
0.2000 5.0888 0.0232
0.3000 7.4172 0.0305
0.4000 9.6202 0.0365
0.5000 11.8402 0.0417
0.6000 14.1717 0.0475
0.7000 16.6198 0.0539
0.8000 19.2733 0.0607
0.9000 22.4961 0.0689
1.0000 26.6915 0.0803
#TI average gradients and standard deviation in kcal/mol
0.0000 22.5678 6.7037
0.1000 25.4212 6.6455
0.2000 23.8947 6.5545
0.3000 22.6123 6.6758
0.4000 21.7778 6.6704
0.5000 22.8600 8.1152
0.6000 23.4328 9.1196
0.7000 25.1306 9.9353
0.8000 28.5324 10.9700
0.9000 36.1644 13.4779
1.0000 49.0615 16.0514
#PMF from TI in kcal/mol
0.0000 0.0000
0.1000 2.3994
0.2000 4.8652
0.3000 7.1906
0.4000 9.4101
0.5000 11.6420
0.6000 13.9566
0.7000 16.3848
0.8000 19.0679
0.9000 22.3028
1.0000 26.5641
#MBAR free energy difference in kcal/mol: 
26.691508, 0.080316 
#TI free energy difference in kcal/mol: 
26.564083  
