# Analysing data contained in file(s) ['/home/jguven/projects/metalloenzymes/starmap/outputs/with_min/SOMD_3/lig_1~lig_11/unbound/lambda_0.0000/simfile.dat', '/home/jguven/projects/metalloenzymes/starmap/outputs/with_min/SOMD_3/lig_1~lig_11/unbound/lambda_0.1000/simfile.dat', '/home/jguven/projects/metalloenzymes/starmap/outputs/with_min/SOMD_3/lig_1~lig_11/unbound/lambda_0.2000/simfile.dat', '/home/jguven/projects/metalloenzymes/starmap/outputs/with_min/SOMD_3/lig_1~lig_11/unbound/lambda_0.3000/simfile.dat', '/home/jguven/projects/metalloenzymes/starmap/outputs/with_min/SOMD_3/lig_1~lig_11/unbound/lambda_0.4000/simfile.dat', '/home/jguven/projects/metalloenzymes/starmap/outputs/with_min/SOMD_3/lig_1~lig_11/unbound/lambda_0.5000/simfile.dat', '/home/jguven/projects/metalloenzymes/starmap/outputs/with_min/SOMD_3/lig_1~lig_11/unbound/lambda_0.6000/simfile.dat', '/home/jguven/projects/metalloenzymes/starmap/outputs/with_min/SOMD_3/lig_1~lig_11/unbound/lambda_0.7000/simfile.dat', '/home/jguven/projects/metalloenzymes/starmap/outputs/with_min/SOMD_3/lig_1~lig_11/unbound/lambda_0.8000/simfile.dat', '/home/jguven/projects/metalloenzymes/starmap/outputs/with_min/SOMD_3/lig_1~lig_11/unbound/lambda_0.9000/simfile.dat', '/home/jguven/projects/metalloenzymes/starmap/outputs/with_min/SOMD_3/lig_1~lig_11/unbound/lambda_1.0000/simfile.dat']
#Overlap matrix
0.5043 0.2970 0.1369 0.0473 0.0119 0.0022 0.0003 0.0000 0.0000 0.0000 0.0000
0.2970 0.3007 0.2236 0.1191 0.0450 0.0120 0.0023 0.0003 0.0000 0.0000 0.0000
0.1369 0.2236 0.2570 0.2066 0.1158 0.0453 0.0124 0.0023 0.0003 0.0000 0.0000
0.0473 0.1191 0.2066 0.2470 0.2035 0.1161 0.0461 0.0121 0.0020 0.0001 0.0000
0.0119 0.0450 0.1158 0.2035 0.2451 0.2047 0.1186 0.0448 0.0098 0.0008 0.0000
0.0022 0.0120 0.0453 0.1161 0.2047 0.2507 0.2136 0.1175 0.0345 0.0033 0.0001
0.0003 0.0023 0.0124 0.0461 0.1186 0.2136 0.2723 0.2282 0.0947 0.0115 0.0002
0.0000 0.0003 0.0023 0.0121 0.0448 0.1175 0.2282 0.3220 0.2299 0.0419 0.0010
0.0000 0.0000 0.0003 0.0020 0.0098 0.0345 0.0947 0.2299 0.4146 0.2053 0.0090
0.0000 0.0000 0.0000 0.0001 0.0008 0.0033 0.0115 0.0419 0.2053 0.5928 0.1443
0.0000 0.0000 0.0000 0.0000 0.0000 0.0001 0.0002 0.0010 0.0090 0.1443 0.8454
#DG from neighbouring lambda in kcal/mol
0.0000 0.1000 5.4591 0.0114
0.1000 0.2000 5.3217 0.0098
0.2000 0.3000 5.1495 0.0096
0.3000 0.4000 4.9512 0.0095
0.4000 0.5000 4.7363 0.0094
0.5000 0.6000 4.5535 0.0095
0.6000 0.7000 4.5412 0.0110
0.7000 0.8000 4.9350 0.0162
0.8000 0.9000 5.8525 0.0264
0.9000 1.0000 7.6659 0.0419
#PMF from MBAR in kcal/mol
0.0000 0.0000 0.0000
0.1000 5.4591 0.0114
0.2000 10.7808 0.0196
0.3000 15.9302 0.0260
0.4000 20.8814 0.0311
0.5000 25.6178 0.0355
0.6000 30.1713 0.0394
0.7000 34.7125 0.0434
0.8000 39.6475 0.0489
0.9000 45.5001 0.0591
1.0000 53.1660 0.0765
#TI average gradients and standard deviation in kcal/mol
0.0000 50.7721 5.4199
0.1000 53.9175 5.4547
0.2000 52.4003 5.3240
0.3000 50.5422 5.2738
0.4000 48.6384 5.2103
0.5000 46.6466 5.2604
0.6000 45.2113 5.4487
0.7000 46.6064 6.7858
0.8000 52.8768 9.7493
0.9000 65.2390 13.6758
1.0000 90.6841 19.0001
#PMF from TI in kcal/mol
0.0000 0.0000
0.1000 5.2345
0.2000 10.5504
0.3000 15.6975
0.4000 20.6565
0.5000 25.4208
0.6000 30.0137
0.7000 34.6046
0.8000 39.5787
0.9000 45.4845
1.0000 53.2807
#MBAR free energy difference in kcal/mol: 
53.165996, 0.076499 
#TI free energy difference in kcal/mol: 
53.280670  
