# Analysing data contained in file(s) ['/home/jguven/projects/metalloenzymes/starmap/outputs/with_min/SOMD_2/lig_1~lig_5/bound/lambda_0.0000/simfile.dat', '/home/jguven/projects/metalloenzymes/starmap/outputs/with_min/SOMD_2/lig_1~lig_5/bound/lambda_0.1000/simfile.dat', '/home/jguven/projects/metalloenzymes/starmap/outputs/with_min/SOMD_2/lig_1~lig_5/bound/lambda_0.2000/simfile.dat', '/home/jguven/projects/metalloenzymes/starmap/outputs/with_min/SOMD_2/lig_1~lig_5/bound/lambda_0.3000/simfile.dat', '/home/jguven/projects/metalloenzymes/starmap/outputs/with_min/SOMD_2/lig_1~lig_5/bound/lambda_0.4000/simfile.dat', '/home/jguven/projects/metalloenzymes/starmap/outputs/with_min/SOMD_2/lig_1~lig_5/bound/lambda_0.5000/simfile.dat', '/home/jguven/projects/metalloenzymes/starmap/outputs/with_min/SOMD_2/lig_1~lig_5/bound/lambda_0.6000/simfile.dat', '/home/jguven/projects/metalloenzymes/starmap/outputs/with_min/SOMD_2/lig_1~lig_5/bound/lambda_0.7000/simfile.dat', '/home/jguven/projects/metalloenzymes/starmap/outputs/with_min/SOMD_2/lig_1~lig_5/bound/lambda_0.8000/simfile.dat', '/home/jguven/projects/metalloenzymes/starmap/outputs/with_min/SOMD_2/lig_1~lig_5/bound/lambda_0.9000/simfile.dat', '/home/jguven/projects/metalloenzymes/starmap/outputs/with_min/SOMD_2/lig_1~lig_5/bound/lambda_1.0000/simfile.dat']
#Overlap matrix
0.7857 0.2049 0.0094 0.0001 0.0000 0.0000 0.0000 0.0000 0.0000 0.0000 0.0000
0.2049 0.5685 0.2137 0.0128 0.0001 0.0000 0.0000 0.0000 0.0000 0.0000 0.0000
0.0094 0.2137 0.5525 0.2126 0.0116 0.0001 0.0000 0.0000 0.0000 0.0000 0.0000
0.0001 0.0128 0.2126 0.5529 0.2054 0.0158 0.0003 0.0000 0.0000 0.0000 0.0000
0.0000 0.0001 0.0116 0.2054 0.5311 0.2320 0.0194 0.0004 0.0000 0.0000 0.0000
0.0000 0.0000 0.0001 0.0158 0.2320 0.5074 0.2220 0.0220 0.0006 0.0000 0.0000
0.0000 0.0000 0.0000 0.0003 0.0194 0.2220 0.5000 0.2309 0.0267 0.0008 0.0000
0.0000 0.0000 0.0000 0.0000 0.0004 0.0220 0.2309 0.4886 0.2337 0.0238 0.0006
0.0000 0.0000 0.0000 0.0000 0.0000 0.0006 0.0267 0.2337 0.5045 0.2171 0.0175
0.0000 0.0000 0.0000 0.0000 0.0000 0.0000 0.0008 0.0238 0.2171 0.5493 0.2089
0.0000 0.0000 0.0000 0.0000 0.0000 0.0000 0.0000 0.0006 0.0175 0.2089 0.7729
#DG from neighbouring lambda in kcal/mol
0.0000 0.1000 6.3534 0.0326
0.1000 0.2000 6.2378 0.0299
0.2000 0.3000 6.1662 0.0298
0.3000 0.4000 5.8884 0.0303
0.4000 0.5000 5.6823 0.0265
0.5000 0.6000 5.4964 0.0269
0.6000 0.7000 5.3168 0.0253
0.7000 0.8000 5.3088 0.0249
0.8000 0.9000 5.4602 0.0275
0.9000 1.0000 5.9211 0.0311
#PMF from MBAR in kcal/mol
0.0000 0.0000 0.0000
0.1000 6.3534 0.0326
0.2000 12.5912 0.0510
0.3000 18.7574 0.0641
0.4000 24.6458 0.0752
0.5000 30.3281 0.0834
0.6000 35.8245 0.0909
0.7000 41.1413 0.0972
0.8000 46.4501 0.1030
0.9000 51.9103 0.1091
1.0000 57.8315 0.1158
#TI average gradients and standard deviation in kcal/mol
0.0000 64.0933 12.9411
0.1000 62.7966 12.5294
0.2000 62.8277 12.1187
0.3000 60.4237 11.7690
0.4000 56.6104 11.5492
0.5000 56.9237 11.3332
0.6000 53.8775 10.7223
0.7000 52.6049 10.2591
0.8000 53.5939 10.9410
0.9000 56.4358 11.8835
1.0000 62.9422 13.2139
#PMF from TI in kcal/mol
0.0000 0.0000
0.1000 6.3445
0.2000 12.6257
0.3000 18.7883
0.4000 24.6400
0.5000 30.3167
0.6000 35.8568
0.7000 41.1809
0.8000 46.4908
0.9000 51.9923
1.0000 57.9612
#MBAR free energy difference in kcal/mol: 
57.831482, 0.115832 
#TI free energy difference in kcal/mol: 
57.961197  
