# Analysing data contained in file(s) ['/home/jguven/projects/metalloenzymes/starmap/outputs/with_min/SOMD_3/lig_1~lig_10/bound/lambda_0.0000/simfile.dat', '/home/jguven/projects/metalloenzymes/starmap/outputs/with_min/SOMD_3/lig_1~lig_10/bound/lambda_0.1000/simfile.dat', '/home/jguven/projects/metalloenzymes/starmap/outputs/with_min/SOMD_3/lig_1~lig_10/bound/lambda_0.2000/simfile.dat', '/home/jguven/projects/metalloenzymes/starmap/outputs/with_min/SOMD_3/lig_1~lig_10/bound/lambda_0.3000/simfile.dat', '/home/jguven/projects/metalloenzymes/starmap/outputs/with_min/SOMD_3/lig_1~lig_10/bound/lambda_0.4000/simfile.dat', '/home/jguven/projects/metalloenzymes/starmap/outputs/with_min/SOMD_3/lig_1~lig_10/bound/lambda_0.5000/simfile.dat', '/home/jguven/projects/metalloenzymes/starmap/outputs/with_min/SOMD_3/lig_1~lig_10/bound/lambda_0.6000/simfile.dat', '/home/jguven/projects/metalloenzymes/starmap/outputs/with_min/SOMD_3/lig_1~lig_10/bound/lambda_0.7000/simfile.dat', '/home/jguven/projects/metalloenzymes/starmap/outputs/with_min/SOMD_3/lig_1~lig_10/bound/lambda_0.8000/simfile.dat', '/home/jguven/projects/metalloenzymes/starmap/outputs/with_min/SOMD_3/lig_1~lig_10/bound/lambda_0.9000/simfile.dat', '/home/jguven/projects/metalloenzymes/starmap/outputs/with_min/SOMD_3/lig_1~lig_10/bound/lambda_1.0000/simfile.dat']
#Overlap matrix
0.6626 0.2763 0.0557 0.0052 0.0002 0.0000 0.0000 0.0000 0.0000 0.0000 0.0000
0.2763 0.4128 0.2436 0.0611 0.0060 0.0002 0.0000 0.0000 0.0000 0.0000 0.0000
0.0557 0.2436 0.3880 0.2487 0.0597 0.0042 0.0001 0.0000 0.0000 0.0000 0.0000
0.0052 0.0611 0.2487 0.3949 0.2410 0.0458 0.0032 0.0001 0.0000 0.0000 0.0000
0.0002 0.0060 0.0597 0.2410 0.4135 0.2332 0.0436 0.0028 0.0001 0.0000 0.0000
0.0000 0.0002 0.0042 0.0458 0.2332 0.4432 0.2365 0.0353 0.0014 0.0000 0.0000
0.0000 0.0000 0.0001 0.0032 0.0436 0.2365 0.4745 0.2193 0.0222 0.0006 0.0000
0.0000 0.0000 0.0000 0.0001 0.0028 0.0353 0.2193 0.5199 0.2093 0.0133 0.0001
0.0000 0.0000 0.0000 0.0000 0.0001 0.0014 0.0222 0.2093 0.5871 0.1769 0.0031
0.0000 0.0000 0.0000 0.0000 0.0000 0.0000 0.0006 0.0133 0.1769 0.6932 0.1160
0.0000 0.0000 0.0000 0.0000 0.0000 0.0000 0.0000 0.0001 0.0031 0.1160 0.8809
#DG from neighbouring lambda in kcal/mol
0.0000 0.1000 9.7896 0.0222
0.1000 0.2000 9.1725 0.0203
0.2000 0.3000 8.6038 0.0193
0.3000 0.4000 8.0318 0.0211
0.4000 0.5000 7.3903 0.0232
0.5000 0.6000 6.9009 0.0240
0.6000 0.7000 6.5070 0.0278
0.7000 0.8000 6.3137 0.0314
0.8000 0.9000 6.8339 0.0386
0.9000 1.0000 9.0178 0.0548
#PMF from MBAR in kcal/mol
0.0000 0.0000 0.0000
0.1000 9.7896 0.0222
0.2000 18.9621 0.0369
0.3000 27.5659 0.0471
0.4000 35.5977 0.0560
0.5000 42.9879 0.0649
0.6000 49.8889 0.0728
0.7000 56.3959 0.0814
0.8000 62.7096 0.0907
0.9000 69.5435 0.1020
1.0000 78.5613 0.1192
#TI average gradients and standard deviation in kcal/mol
0.0000 97.7144 8.5269
0.1000 94.2117 8.4378
0.2000 88.9518 8.5728
0.3000 84.0146 8.6770
0.4000 76.3400 8.7250
0.5000 70.8227 9.3333
0.6000 67.5637 10.5601
0.7000 63.8383 11.7009
0.8000 64.5861 12.9111
0.9000 75.9363 15.2506
1.0000 108.1199 21.1034
#PMF from TI in kcal/mol
0.0000 0.0000
0.1000 9.5963
0.2000 18.7545
0.3000 27.4028
0.4000 35.4205
0.5000 42.7787
0.6000 49.6980
0.7000 56.2681
0.8000 62.6893
0.9000 69.7154
1.0000 78.9182
#MBAR free energy difference in kcal/mol: 
78.561264, 0.119215 
#TI free energy difference in kcal/mol: 
78.918236  
