# Analysing data contained in file(s) ['/home/jguven/projects/metalloenzymes/starmap/outputs/with_min/SOMD_3/lig_1~lig_3/unbound/lambda_0.0000/simfile.dat', '/home/jguven/projects/metalloenzymes/starmap/outputs/with_min/SOMD_3/lig_1~lig_3/unbound/lambda_0.1000/simfile.dat', '/home/jguven/projects/metalloenzymes/starmap/outputs/with_min/SOMD_3/lig_1~lig_3/unbound/lambda_0.2000/simfile.dat', '/home/jguven/projects/metalloenzymes/starmap/outputs/with_min/SOMD_3/lig_1~lig_3/unbound/lambda_0.3000/simfile.dat', '/home/jguven/projects/metalloenzymes/starmap/outputs/with_min/SOMD_3/lig_1~lig_3/unbound/lambda_0.4000/simfile.dat', '/home/jguven/projects/metalloenzymes/starmap/outputs/with_min/SOMD_3/lig_1~lig_3/unbound/lambda_0.5000/simfile.dat', '/home/jguven/projects/metalloenzymes/starmap/outputs/with_min/SOMD_3/lig_1~lig_3/unbound/lambda_0.6000/simfile.dat', '/home/jguven/projects/metalloenzymes/starmap/outputs/with_min/SOMD_3/lig_1~lig_3/unbound/lambda_0.7000/simfile.dat', '/home/jguven/projects/metalloenzymes/starmap/outputs/with_min/SOMD_3/lig_1~lig_3/unbound/lambda_0.8000/simfile.dat', '/home/jguven/projects/metalloenzymes/starmap/outputs/with_min/SOMD_3/lig_1~lig_3/unbound/lambda_0.9000/simfile.dat', '/home/jguven/projects/metalloenzymes/starmap/outputs/with_min/SOMD_3/lig_1~lig_3/unbound/lambda_1.0000/simfile.dat']
#Overlap matrix
0.8786 0.1210 0.0004 0.0000 0.0000 0.0000 0.0000 0.0000 0.0000 0.0000 0.0000
0.1210 0.7518 0.1265 0.0007 0.0000 0.0000 0.0000 0.0000 0.0000 0.0000 0.0000
0.0004 0.1265 0.7298 0.1424 0.0009 0.0000 0.0000 0.0000 0.0000 0.0000 0.0000
0.0000 0.0007 0.1424 0.7140 0.1420 0.0010 0.0000 0.0000 0.0000 0.0000 0.0000
0.0000 0.0000 0.0009 0.1420 0.7026 0.1523 0.0022 0.0000 0.0000 0.0000 0.0000
0.0000 0.0000 0.0000 0.0010 0.1523 0.6749 0.1688 0.0030 0.0000 0.0000 0.0000
0.0000 0.0000 0.0000 0.0000 0.0022 0.1688 0.6535 0.1720 0.0035 0.0000 0.0000
0.0000 0.0000 0.0000 0.0000 0.0000 0.0030 0.1720 0.6425 0.1776 0.0049 0.0000
0.0000 0.0000 0.0000 0.0000 0.0000 0.0000 0.0035 0.1776 0.6184 0.1925 0.0081
0.0000 0.0000 0.0000 0.0000 0.0000 0.0000 0.0000 0.0049 0.1925 0.5925 0.2100
0.0000 0.0000 0.0000 0.0000 0.0000 0.0000 0.0000 0.0000 0.0081 0.2100 0.7819
#DG from neighbouring lambda in kcal/mol
0.0000 0.1000 5.0463 0.0485
0.1000 0.2000 4.8467 0.0469
0.2000 0.3000 4.7382 0.0432
0.3000 0.4000 4.5705 0.0432
0.4000 0.5000 4.2134 0.0409
0.5000 0.6000 4.1093 0.0376
0.6000 0.7000 3.9626 0.0368
0.7000 0.8000 3.6647 0.0357
0.8000 0.9000 3.3617 0.0329
0.9000 1.0000 3.1878 0.0312
#PMF from MBAR in kcal/mol
0.0000 0.0000 0.0000
0.1000 5.0463 0.0485
0.2000 9.8931 0.0727
0.3000 14.6312 0.0887
0.4000 19.2018 0.1022
0.5000 23.4151 0.1133
0.6000 27.5245 0.1222
0.7000 31.4871 0.1303
0.8000 35.1518 0.1376
0.9000 38.5135 0.1438
1.0000 41.7013 0.1492
#TI average gradients and standard deviation in kcal/mol
0.0000 51.2491 17.3635
0.1000 48.9528 16.7007
0.2000 47.6047 16.3627
0.3000 46.4887 15.6600
0.4000 43.9962 15.0297
0.5000 41.9405 14.7616
0.6000 40.6344 14.3291
0.7000 37.8307 14.0229
0.8000 35.4973 13.3591
0.9000 32.8666 12.4167
1.0000 31.6936 12.1484
#PMF from TI in kcal/mol
0.0000 0.0000
0.1000 5.0101
0.2000 9.8380
0.3000 14.5426
0.4000 19.0669
0.5000 23.3637
0.6000 27.4925
0.7000 31.4157
0.8000 35.0821
0.9000 38.5003
1.0000 41.7283
#MBAR free energy difference in kcal/mol: 
41.701292, 0.149217 
#TI free energy difference in kcal/mol: 
41.728343  
