# Analysing data contained in file(s) ['/home/jguven/projects/metalloenzymes/starmap/outputs/with_min/SOMD_3/lig_1~lig_9/bound/lambda_0.0000/simfile.dat', '/home/jguven/projects/metalloenzymes/starmap/outputs/with_min/SOMD_3/lig_1~lig_9/bound/lambda_0.1000/simfile.dat', '/home/jguven/projects/metalloenzymes/starmap/outputs/with_min/SOMD_3/lig_1~lig_9/bound/lambda_0.2000/simfile.dat', '/home/jguven/projects/metalloenzymes/starmap/outputs/with_min/SOMD_3/lig_1~lig_9/bound/lambda_0.3000/simfile.dat', '/home/jguven/projects/metalloenzymes/starmap/outputs/with_min/SOMD_3/lig_1~lig_9/bound/lambda_0.4000/simfile.dat', '/home/jguven/projects/metalloenzymes/starmap/outputs/with_min/SOMD_3/lig_1~lig_9/bound/lambda_0.5000/simfile.dat', '/home/jguven/projects/metalloenzymes/starmap/outputs/with_min/SOMD_3/lig_1~lig_9/bound/lambda_0.6000/simfile.dat', '/home/jguven/projects/metalloenzymes/starmap/outputs/with_min/SOMD_3/lig_1~lig_9/bound/lambda_0.7000/simfile.dat', '/home/jguven/projects/metalloenzymes/starmap/outputs/with_min/SOMD_3/lig_1~lig_9/bound/lambda_0.8000/simfile.dat', '/home/jguven/projects/metalloenzymes/starmap/outputs/with_min/SOMD_3/lig_1~lig_9/bound/lambda_0.9000/simfile.dat', '/home/jguven/projects/metalloenzymes/starmap/outputs/with_min/SOMD_3/lig_1~lig_9/bound/lambda_1.0000/simfile.dat']
#Overlap matrix
0.3883 0.2705 0.1694 0.0943 0.0463 0.0200 0.0076 0.0025 0.0007 0.0001 0.0000
0.2705 0.2439 0.1944 0.1353 0.0819 0.0431 0.0197 0.0078 0.0025 0.0006 0.0001
0.1694 0.1944 0.1940 0.1669 0.1233 0.0785 0.0430 0.0201 0.0077 0.0022 0.0005
0.0943 0.1353 0.1669 0.1755 0.1572 0.1204 0.0789 0.0437 0.0197 0.0066 0.0015
0.0463 0.0819 0.1233 0.1572 0.1698 0.1559 0.1222 0.0805 0.0423 0.0162 0.0044
0.0200 0.0431 0.0785 0.1204 0.1559 0.1717 0.1613 0.1268 0.0779 0.0340 0.0104
0.0076 0.0197 0.0430 0.0789 0.1222 0.1613 0.1825 0.1734 0.1262 0.0635 0.0217
0.0025 0.0078 0.0201 0.0437 0.0805 0.1268 0.1734 0.2035 0.1853 0.1128 0.0436
0.0007 0.0025 0.0077 0.0197 0.0423 0.0779 0.1262 0.1853 0.2356 0.2041 0.0980
0.0001 0.0006 0.0022 0.0066 0.0162 0.0340 0.0635 0.1128 0.2041 0.3081 0.2517
0.0000 0.0001 0.0005 0.0015 0.0044 0.0104 0.0217 0.0436 0.0980 0.2517 0.5680
#DG from neighbouring lambda in kcal/mol
0.0000 0.1000 2.4346 0.0074
0.1000 0.2000 2.4095 0.0063
0.2000 0.3000 2.3574 0.0059
0.3000 0.4000 2.2985 0.0057
0.4000 0.5000 2.2242 0.0056
0.5000 0.6000 2.1481 0.0056
0.6000 0.7000 2.1004 0.0060
0.7000 0.8000 2.1539 0.0077
0.8000 0.9000 2.3749 0.0110
0.9000 1.0000 2.9577 0.0166
#PMF from MBAR in kcal/mol
0.0000 0.0000 0.0000
0.1000 2.4346 0.0074
0.2000 4.8441 0.0131
0.3000 7.2015 0.0177
0.4000 9.5000 0.0214
0.5000 11.7242 0.0247
0.6000 13.8724 0.0275
0.7000 15.9728 0.0301
0.8000 18.1267 0.0330
0.9000 20.5016 0.0371
1.0000 23.4593 0.0434
#TI average gradients and standard deviation in kcal/mol
0.0000 24.0409 3.7625
0.1000 23.6847 3.9030
0.2000 24.3263 3.6570
0.3000 24.1056 3.5280
0.4000 22.2288 3.6523
0.5000 21.6527 3.6677
0.6000 21.1325 3.5666
0.7000 20.8918 3.8061
0.8000 22.2021 4.6631
0.9000 25.9911 7.4667
1.0000 35.1142 10.5405
#PMF from TI in kcal/mol
0.0000 0.0000
0.1000 2.3863
0.2000 4.7868
0.3000 7.2084
0.4000 9.5251
0.5000 11.7192
0.6000 13.8585
0.7000 15.9597
0.8000 18.1144
0.9000 20.5240
1.0000 23.5793
#MBAR free energy difference in kcal/mol: 
23.459341, 0.043369 
#TI free energy difference in kcal/mol: 
23.579306  
