# Analysing data contained in file(s) ['/home/jguven/projects/metalloenzymes/starmap/outputs/with_min/SOMD_3/lig_1~lig_6/bound/lambda_0.0000/simfile.dat', '/home/jguven/projects/metalloenzymes/starmap/outputs/with_min/SOMD_3/lig_1~lig_6/bound/lambda_0.1000/simfile.dat', '/home/jguven/projects/metalloenzymes/starmap/outputs/with_min/SOMD_3/lig_1~lig_6/bound/lambda_0.2000/simfile.dat', '/home/jguven/projects/metalloenzymes/starmap/outputs/with_min/SOMD_3/lig_1~lig_6/bound/lambda_0.3000/simfile.dat', '/home/jguven/projects/metalloenzymes/starmap/outputs/with_min/SOMD_3/lig_1~lig_6/bound/lambda_0.4000/simfile.dat', '/home/jguven/projects/metalloenzymes/starmap/outputs/with_min/SOMD_3/lig_1~lig_6/bound/lambda_0.5000/simfile.dat', '/home/jguven/projects/metalloenzymes/starmap/outputs/with_min/SOMD_3/lig_1~lig_6/bound/lambda_0.6000/simfile.dat', '/home/jguven/projects/metalloenzymes/starmap/outputs/with_min/SOMD_3/lig_1~lig_6/bound/lambda_0.7000/simfile.dat', '/home/jguven/projects/metalloenzymes/starmap/outputs/with_min/SOMD_3/lig_1~lig_6/bound/lambda_0.8000/simfile.dat', '/home/jguven/projects/metalloenzymes/starmap/outputs/with_min/SOMD_3/lig_1~lig_6/bound/lambda_0.9000/simfile.dat', '/home/jguven/projects/metalloenzymes/starmap/outputs/with_min/SOMD_3/lig_1~lig_6/bound/lambda_1.0000/simfile.dat']
#Overlap matrix
0.5928 0.2981 0.0907 0.0165 0.0018 0.0001 0.0000 0.0000 0.0000 0.0000 0.0000
0.2981 0.3565 0.2359 0.0884 0.0190 0.0021 0.0001 0.0000 0.0000 0.0000 0.0000
0.0907 0.2359 0.3225 0.2370 0.0935 0.0183 0.0019 0.0001 0.0000 0.0000 0.0000
0.0165 0.0884 0.2370 0.3218 0.2310 0.0859 0.0174 0.0019 0.0001 0.0000 0.0000
0.0018 0.0190 0.0935 0.2310 0.3156 0.2299 0.0896 0.0180 0.0016 0.0001 0.0000
0.0001 0.0021 0.0183 0.0859 0.2299 0.3220 0.2364 0.0890 0.0152 0.0011 0.0000
0.0000 0.0001 0.0019 0.0174 0.0896 0.2364 0.3276 0.2367 0.0786 0.0109 0.0007
0.0000 0.0000 0.0001 0.0019 0.0180 0.0890 0.2367 0.3454 0.2363 0.0651 0.0075
0.0000 0.0000 0.0000 0.0001 0.0016 0.0152 0.0786 0.2363 0.3757 0.2426 0.0499
0.0000 0.0000 0.0000 0.0000 0.0001 0.0011 0.0109 0.0651 0.2426 0.4412 0.2391
0.0000 0.0000 0.0000 0.0000 0.0000 0.0000 0.0007 0.0075 0.0499 0.2391 0.7027
#DG from neighbouring lambda in kcal/mol
0.0000 0.1000 6.5693 0.0175
0.1000 0.2000 6.2590 0.0163
0.2000 0.3000 5.9655 0.0150
0.3000 0.4000 5.7005 0.0155
0.4000 0.5000 5.3815 0.0158
0.5000 0.6000 5.0735 0.0154
0.6000 0.7000 4.7868 0.0163
0.7000 0.8000 4.5464 0.0182
0.8000 0.9000 4.4757 0.0205
0.9000 1.0000 4.8204 0.0268
#PMF from MBAR in kcal/mol
0.0000 0.0000 0.0000
0.1000 6.5693 0.0175
0.2000 12.8283 0.0302
0.3000 18.7938 0.0391
0.4000 24.4944 0.0462
0.5000 29.8759 0.0527
0.6000 34.9494 0.0583
0.7000 39.7361 0.0636
0.8000 44.2826 0.0692
0.9000 48.7583 0.0753
1.0000 53.5787 0.0829
#TI average gradients and standard deviation in kcal/mol
0.0000 66.0923 6.9513
0.1000 63.4409 6.7577
0.2000 61.7229 6.9757
0.3000 58.8157 6.9286
0.4000 54.9346 6.8967
0.5000 51.7463 7.0581
0.6000 49.6608 6.7848
0.7000 46.3848 7.1327
0.8000 45.3074 8.2395
0.9000 46.2116 9.7476
1.0000 53.3606 13.1897
#PMF from TI in kcal/mol
0.0000 0.0000
0.1000 6.4767
0.2000 12.7349
0.3000 18.7618
0.4000 24.4493
0.5000 29.7834
0.6000 34.8537
0.7000 39.6560
0.8000 44.2406
0.9000 48.8165
1.0000 53.7952
#MBAR free energy difference in kcal/mol: 
53.578688, 0.082943 
#TI free energy difference in kcal/mol: 
53.795160  
