# Analysing data contained in file(s) ['/home/jguven/projects/metalloenzymes/starmap/outputs/with_min/SOMD_1/lig_1~lig_13/unbound/lambda_0.0000/simfile.dat', '/home/jguven/projects/metalloenzymes/starmap/outputs/with_min/SOMD_1/lig_1~lig_13/unbound/lambda_0.1000/simfile.dat', '/home/jguven/projects/metalloenzymes/starmap/outputs/with_min/SOMD_1/lig_1~lig_13/unbound/lambda_0.2000/simfile.dat', '/home/jguven/projects/metalloenzymes/starmap/outputs/with_min/SOMD_1/lig_1~lig_13/unbound/lambda_0.3000/simfile.dat', '/home/jguven/projects/metalloenzymes/starmap/outputs/with_min/SOMD_1/lig_1~lig_13/unbound/lambda_0.4000/simfile.dat', '/home/jguven/projects/metalloenzymes/starmap/outputs/with_min/SOMD_1/lig_1~lig_13/unbound/lambda_0.5000/simfile.dat', '/home/jguven/projects/metalloenzymes/starmap/outputs/with_min/SOMD_1/lig_1~lig_13/unbound/lambda_0.6000/simfile.dat', '/home/jguven/projects/metalloenzymes/starmap/outputs/with_min/SOMD_1/lig_1~lig_13/unbound/lambda_0.7000/simfile.dat', '/home/jguven/projects/metalloenzymes/starmap/outputs/with_min/SOMD_1/lig_1~lig_13/unbound/lambda_0.8000/simfile.dat', '/home/jguven/projects/metalloenzymes/starmap/outputs/with_min/SOMD_1/lig_1~lig_13/unbound/lambda_0.9000/simfile.dat', '/home/jguven/projects/metalloenzymes/starmap/outputs/with_min/SOMD_1/lig_1~lig_13/unbound/lambda_1.0000/simfile.dat']
#Overlap matrix
0.5390 0.2399 0.1328 0.0593 0.0210 0.0060 0.0015 0.0003 0.0001 0.0000 0.0000
0.3599 0.2405 0.1931 0.1211 0.0574 0.0201 0.0060 0.0016 0.0003 0.0000 0.0000
0.1992 0.1931 0.2195 0.1920 0.1218 0.0509 0.0174 0.0049 0.0010 0.0001 0.0000
0.0889 0.1211 0.1920 0.2359 0.2059 0.1034 0.0385 0.0116 0.0025 0.0003 0.0000
0.0316 0.0574 0.1218 0.2059 0.2690 0.1982 0.0839 0.0260 0.0055 0.0006 0.0000
0.0090 0.0201 0.0509 0.1034 0.1982 0.3117 0.2144 0.0750 0.0158 0.0016 0.0000
0.0023 0.0060 0.0174 0.0385 0.0839 0.2144 0.3556 0.2221 0.0548 0.0050 0.0001
0.0005 0.0016 0.0049 0.0116 0.0260 0.0750 0.2221 0.4125 0.2197 0.0255 0.0004
0.0001 0.0003 0.0010 0.0025 0.0055 0.0158 0.0548 0.2197 0.5069 0.1882 0.0052
0.0000 0.0000 0.0001 0.0003 0.0006 0.0016 0.0050 0.0255 0.1882 0.6567 0.1218
0.0000 0.0000 0.0000 0.0000 0.0000 0.0000 0.0001 0.0004 0.0052 0.1218 0.8724
#DG from neighbouring lambda in kcal/mol
0.0000 0.1000 0.4513 0.0029
0.1000 0.2000 0.3367 0.0027
0.2000 0.3000 0.1805 0.0027
0.3000 0.4000 0.1182 0.0030
0.4000 0.5000 0.1770 0.0042
0.5000 0.6000 0.1693 0.0048
0.6000 0.7000 0.2931 0.0058
0.7000 0.8000 0.7162 0.0075
0.8000 0.9000 1.6703 0.0108
0.9000 1.0000 3.4085 0.0165
#PMF from MBAR in kcal/mol
0.0000 0.0000 0.0000
0.1000 0.4513 0.0029
0.2000 0.7880 0.0053
0.3000 0.9685 0.0073
0.4000 1.0867 0.0090
0.5000 1.2637 0.0108
0.6000 1.4330 0.0127
0.7000 1.7260 0.0148
0.8000 2.4422 0.0176
0.9000 4.1125 0.0218
1.0000 7.5210 0.0287
#TI average gradients and standard deviation in kcal/mol
0.0000 -2.6898 5.5115
0.1000 2.7222 4.2968
0.2000 1.6962 3.9655
0.3000 0.7672 3.8536
0.4000 1.0428 4.8925
0.5000 1.1403 6.5690
0.6000 1.3239 6.9388
0.7000 2.9283 7.9977
0.8000 7.0978 10.6760
0.9000 16.0948 16.6275
1.0000 30.1815 26.4410
#PMF from TI in kcal/mol
0.0000 0.0000
0.1000 0.0016
0.2000 0.2225
0.3000 0.3457
0.4000 0.4362
0.5000 0.5454
0.6000 0.6686
0.7000 0.8812
0.8000 1.3825
0.9000 2.5421
1.0000 4.8559
#MBAR free energy difference in kcal/mol: 
7.520995, 0.028732  #WARNING SUBSAMPLING DISABLED, CONSIDER RERUN WITH SUBSAMPLING OPTION
#TI free energy difference in kcal/mol: 
4.855942  #WARNING SUBSAMPLING DISABLED, CONSIDER RERUN WITH SUBSAMPLING OPTION 
