# Analysing data contained in file(s) ['/home/jguven/projects/metalloenzymes/kpc2/outputs/SOMD/lig_13~lig_6/bound/lambda_0.0000/simfile.dat', '/home/jguven/projects/metalloenzymes/kpc2/outputs/SOMD/lig_13~lig_6/bound/lambda_0.1000/simfile.dat', '/home/jguven/projects/metalloenzymes/kpc2/outputs/SOMD/lig_13~lig_6/bound/lambda_0.2000/simfile.dat', '/home/jguven/projects/metalloenzymes/kpc2/outputs/SOMD/lig_13~lig_6/bound/lambda_0.3000/simfile.dat', '/home/jguven/projects/metalloenzymes/kpc2/outputs/SOMD/lig_13~lig_6/bound/lambda_0.4000/simfile.dat', '/home/jguven/projects/metalloenzymes/kpc2/outputs/SOMD/lig_13~lig_6/bound/lambda_0.5000/simfile.dat', '/home/jguven/projects/metalloenzymes/kpc2/outputs/SOMD/lig_13~lig_6/bound/lambda_0.6000/simfile.dat', '/home/jguven/projects/metalloenzymes/kpc2/outputs/SOMD/lig_13~lig_6/bound/lambda_0.7000/simfile.dat', '/home/jguven/projects/metalloenzymes/kpc2/outputs/SOMD/lig_13~lig_6/bound/lambda_0.8000/simfile.dat', '/home/jguven/projects/metalloenzymes/kpc2/outputs/SOMD/lig_13~lig_6/bound/lambda_0.9000/simfile.dat', '/home/jguven/projects/metalloenzymes/kpc2/outputs/SOMD/lig_13~lig_6/bound/lambda_1.0000/simfile.dat']
#Overlap matrix
0.7651 0.2211 0.0137 0.0001 0.0000 0.0000 0.0000 0.0000 0.0000 0.0000 0.0000
0.2211 0.5426 0.2233 0.0129 0.0001 0.0000 0.0000 0.0000 0.0000 0.0000 0.0000
0.0137 0.2233 0.5470 0.2035 0.0124 0.0001 0.0000 0.0000 0.0000 0.0000 0.0000
0.0001 0.0129 0.2035 0.5532 0.2158 0.0144 0.0002 0.0000 0.0000 0.0000 0.0000
0.0000 0.0001 0.0124 0.2158 0.5432 0.2154 0.0130 0.0001 0.0000 0.0000 0.0000
0.0000 0.0000 0.0001 0.0144 0.2154 0.5654 0.1985 0.0062 0.0000 0.0000 0.0000
0.0000 0.0000 0.0000 0.0002 0.0130 0.1985 0.6342 0.1517 0.0024 0.0000 0.0000
0.0000 0.0000 0.0000 0.0000 0.0001 0.0062 0.1517 0.7269 0.1148 0.0002 0.0000
0.0000 0.0000 0.0000 0.0000 0.0000 0.0000 0.0024 0.1148 0.8218 0.0610 0.0000
0.0000 0.0000 0.0000 0.0000 0.0000 0.0000 0.0000 0.0002 0.0610 0.9057 0.0331
0.0000 0.0000 0.0000 0.0000 0.0000 0.0000 0.0000 0.0000 0.0000 0.0331 0.9669
#DG from neighbouring lambda in kcal/mol
0.0000 0.1000 -3.8467 0.0294
0.1000 0.2000 -7.9846 0.0278
0.2000 0.3000 -12.2840 0.0302
0.3000 0.4000 -16.5971 0.0286
0.4000 0.5000 -20.7112 0.0286
0.5000 0.6000 -24.5088 0.0315
0.6000 0.7000 -28.0563 0.0402
0.7000 0.8000 -30.8936 0.0498
0.8000 0.9000 -33.8862 0.0740
0.9000 1.0000 -35.4574 0.1037
#PMF from MBAR in kcal/mol
0.0000 0.0000 0.0000
0.1000 -3.8467 0.0294
0.2000 -11.8313 0.0471
0.3000 -24.1153 0.0610
0.4000 -40.7124 0.0717
0.5000 -61.4236 0.0808
0.6000 -85.9324 0.0900
0.7000 -113.9887 0.1018
0.8000 -144.8823 0.1162
0.9000 -178.7685 0.1404
1.0000 -214.2258 0.1767
#TI average gradients and standard deviation in kcal/mol
0.0000 -24.0445 11.5045
0.1000 -60.0979 10.9702
0.2000 -99.7623 12.7946
0.3000 -143.1574 12.5319
0.4000 -187.1265 11.0405
0.5000 -227.3279 12.7809
0.6000 -262.0223 14.2132
0.7000 -297.0418 16.5241
0.8000 -319.2653 21.4911
0.9000 -348.1805 23.9842
1.0000 -360.6534 30.4719
#PMF from TI in kcal/mol
0.0000 0.0000
0.1000 -4.2071
0.2000 -12.2001
0.3000 -24.3461
0.4000 -40.8603
0.5000 -61.5830
0.6000 -86.0505
0.7000 -114.0037
0.8000 -144.8191
0.9000 -178.1914
1.0000 -213.6331
#MBAR free energy difference in kcal/mol: 
-214.225820, 0.176701 
#TI free energy difference in kcal/mol: 
-213.633082  
