# Analysing data contained in file(s) ['/home/jguven/projects/metalloenzymes/starmap/outputs/with_min/SOMD_1/lig_1~lig_8/bound/lambda_0.0000/simfile.dat', '/home/jguven/projects/metalloenzymes/starmap/outputs/with_min/SOMD_1/lig_1~lig_8/bound/lambda_0.1000/simfile.dat', '/home/jguven/projects/metalloenzymes/starmap/outputs/with_min/SOMD_1/lig_1~lig_8/bound/lambda_0.2000/simfile.dat', '/home/jguven/projects/metalloenzymes/starmap/outputs/with_min/SOMD_1/lig_1~lig_8/bound/lambda_0.3000/simfile.dat', '/home/jguven/projects/metalloenzymes/starmap/outputs/with_min/SOMD_1/lig_1~lig_8/bound/lambda_0.4000/simfile.dat', '/home/jguven/projects/metalloenzymes/starmap/outputs/with_min/SOMD_1/lig_1~lig_8/bound/lambda_0.5000/simfile.dat', '/home/jguven/projects/metalloenzymes/starmap/outputs/with_min/SOMD_1/lig_1~lig_8/bound/lambda_0.6000/simfile.dat', '/home/jguven/projects/metalloenzymes/starmap/outputs/with_min/SOMD_1/lig_1~lig_8/bound/lambda_0.7000/simfile.dat', '/home/jguven/projects/metalloenzymes/starmap/outputs/with_min/SOMD_1/lig_1~lig_8/bound/lambda_0.8000/simfile.dat', '/home/jguven/projects/metalloenzymes/starmap/outputs/with_min/SOMD_1/lig_1~lig_8/bound/lambda_0.9000/simfile.dat', '/home/jguven/projects/metalloenzymes/starmap/outputs/with_min/SOMD_1/lig_1~lig_8/bound/lambda_1.0000/simfile.dat']
#Overlap matrix
0.7900 0.2071 0.0029 0.0000 0.0000 0.0000 0.0000 0.0000 0.0000 0.0000 0.0000
0.2071 0.6765 0.1093 0.0071 0.0001 0.0000 0.0000 0.0000 0.0000 0.0000 0.0000
0.0086 0.3279 0.4596 0.1938 0.0101 0.0001 0.0000 0.0000 0.0000 0.0000 0.0000
0.0001 0.0212 0.1938 0.5645 0.2109 0.0095 0.0001 0.0000 0.0000 0.0000 0.0000
0.0000 0.0002 0.0101 0.2109 0.5677 0.2006 0.0105 0.0001 0.0000 0.0000 0.0000
0.0000 0.0000 0.0001 0.0095 0.2006 0.5639 0.2152 0.0107 0.0001 0.0000 0.0000
0.0000 0.0000 0.0000 0.0001 0.0105 0.2152 0.5600 0.2037 0.0105 0.0001 0.0000
0.0000 0.0000 0.0000 0.0000 0.0001 0.0107 0.2037 0.5657 0.2105 0.0093 0.0000
0.0000 0.0000 0.0000 0.0000 0.0000 0.0001 0.0105 0.2105 0.5851 0.1885 0.0054
0.0000 0.0000 0.0000 0.0000 0.0000 0.0000 0.0001 0.0093 0.1885 0.6272 0.1750
0.0000 0.0000 0.0000 0.0000 0.0000 0.0000 0.0000 0.0000 0.0054 0.1750 0.8196
#DG from neighbouring lambda in kcal/mol
0.0000 0.1000 9.5687 0.0093
0.1000 0.2000 8.7725 0.0118
0.2000 0.3000 8.0146 0.0152
0.3000 0.4000 7.2882 0.0148
0.4000 0.5000 6.4702 0.0154
0.5000 0.6000 5.6862 0.0145
0.6000 0.7000 4.9520 0.0152
0.7000 0.8000 4.3183 0.0149
0.8000 0.9000 3.9179 0.0166
0.9000 1.0000 3.6763 0.0182
#PMF from MBAR in kcal/mol
0.0000 0.0000 0.0000
0.1000 9.5687 0.0093
0.2000 18.3412 0.0167
0.3000 26.3558 0.0255
0.4000 33.6440 0.0319
0.5000 40.1142 0.0376
0.6000 45.8004 0.0421
0.7000 50.7525 0.0464
0.8000 55.0708 0.0502
0.9000 58.9887 0.0543
1.0000 62.6651 0.0586
#TI average gradients and standard deviation in kcal/mol
0.0000 98.4624 13.0266
0.1000 91.3662 12.9354
0.2000 28.1912 40.5181
0.3000 25.6101 36.9118
0.4000 22.9949 33.3062
0.5000 20.0532 29.2519
0.6000 17.8873 26.2890
0.7000 15.0569 22.4757
0.8000 13.8695 21.0573
0.9000 12.3943 19.2262
1.0000 12.1554 19.2864
#PMF from TI in kcal/mol
0.0000 0.0000
0.1000 9.4914
0.2000 15.4693
0.3000 18.1594
0.4000 20.5896
0.5000 22.7420
0.6000 24.6390
0.7000 26.2862
0.8000 27.7326
0.9000 29.0458
1.0000 30.2732
#MBAR free energy difference in kcal/mol: 
62.665055, 0.058644  #WARNING SUBSAMPLING DISABLED, CONSIDER RERUN WITH SUBSAMPLING OPTION
#TI free energy difference in kcal/mol: 
30.273248  #WARNING SUBSAMPLING DISABLED, CONSIDER RERUN WITH SUBSAMPLING OPTION 
