# Analysing data contained in file(s) ['/home/jguven/projects/metalloenzymes/starmap/outputs/with_min/SOMD_3/lig_1~lig_11/bound/lambda_0.0000/simfile.dat', '/home/jguven/projects/metalloenzymes/starmap/outputs/with_min/SOMD_3/lig_1~lig_11/bound/lambda_0.1000/simfile.dat', '/home/jguven/projects/metalloenzymes/starmap/outputs/with_min/SOMD_3/lig_1~lig_11/bound/lambda_0.2000/simfile.dat', '/home/jguven/projects/metalloenzymes/starmap/outputs/with_min/SOMD_3/lig_1~lig_11/bound/lambda_0.3000/simfile.dat', '/home/jguven/projects/metalloenzymes/starmap/outputs/with_min/SOMD_3/lig_1~lig_11/bound/lambda_0.4000/simfile.dat', '/home/jguven/projects/metalloenzymes/starmap/outputs/with_min/SOMD_3/lig_1~lig_11/bound/lambda_0.5000/simfile.dat', '/home/jguven/projects/metalloenzymes/starmap/outputs/with_min/SOMD_3/lig_1~lig_11/bound/lambda_0.6000/simfile.dat', '/home/jguven/projects/metalloenzymes/starmap/outputs/with_min/SOMD_3/lig_1~lig_11/bound/lambda_0.7000/simfile.dat', '/home/jguven/projects/metalloenzymes/starmap/outputs/with_min/SOMD_3/lig_1~lig_11/bound/lambda_0.8000/simfile.dat', '/home/jguven/projects/metalloenzymes/starmap/outputs/with_min/SOMD_3/lig_1~lig_11/bound/lambda_0.9000/simfile.dat', '/home/jguven/projects/metalloenzymes/starmap/outputs/with_min/SOMD_3/lig_1~lig_11/bound/lambda_1.0000/simfile.dat']
#Overlap matrix
0.5105 0.2970 0.1329 0.0452 0.0118 0.0023 0.0003 0.0000 0.0000 0.0000 0.0000
0.2970 0.3011 0.2213 0.1183 0.0464 0.0131 0.0025 0.0003 0.0000 0.0000 0.0000
0.1329 0.2213 0.2559 0.2069 0.1190 0.0481 0.0132 0.0024 0.0003 0.0000 0.0000
0.0452 0.1183 0.2069 0.2461 0.2044 0.1183 0.0465 0.0120 0.0020 0.0002 0.0000
0.0118 0.0464 0.1190 0.2044 0.2442 0.2041 0.1164 0.0430 0.0097 0.0010 0.0000
0.0023 0.0131 0.0481 0.1183 0.2041 0.2499 0.2117 0.1150 0.0339 0.0036 0.0000
0.0003 0.0025 0.0132 0.0465 0.1164 0.2117 0.2741 0.2311 0.0931 0.0110 0.0001
0.0000 0.0003 0.0024 0.0120 0.0430 0.1150 0.2311 0.3307 0.2273 0.0376 0.0006
0.0000 0.0000 0.0003 0.0020 0.0097 0.0339 0.0931 0.2273 0.4340 0.1939 0.0058
0.0000 0.0000 0.0000 0.0002 0.0010 0.0036 0.0110 0.0376 0.1939 0.6295 0.1232
0.0000 0.0000 0.0000 0.0000 0.0000 0.0000 0.0001 0.0006 0.0058 0.1232 0.8702
#DG from neighbouring lambda in kcal/mol
0.0000 0.1000 5.4604 0.0114
0.1000 0.2000 5.3070 0.0099
0.2000 0.3000 5.1192 0.0092
0.3000 0.4000 4.9247 0.0089
0.4000 0.5000 4.6980 0.0091
0.5000 0.6000 4.4810 0.0096
0.6000 0.7000 4.4552 0.0109
0.7000 0.8000 4.9314 0.0165
0.8000 0.9000 5.9784 0.0278
0.9000 1.0000 7.8077 0.0464
#PMF from MBAR in kcal/mol
0.0000 0.0000 0.0000
0.1000 5.4604 0.0114
0.2000 10.7674 0.0196
0.3000 15.8866 0.0257
0.4000 20.8113 0.0305
0.5000 25.5094 0.0347
0.6000 29.9904 0.0386
0.7000 34.4456 0.0426
0.8000 39.3770 0.0481
0.9000 45.3554 0.0588
1.0000 53.1631 0.0788
#TI average gradients and standard deviation in kcal/mol
0.0000 52.2908 5.3605
0.1000 52.2217 5.4344
0.2000 53.5096 5.3234
0.3000 50.3916 5.2221
0.4000 47.3207 5.2648
0.5000 46.8794 4.9997
0.6000 43.5367 5.5127
0.7000 46.5643 6.9712
0.8000 53.1693 9.7615
0.9000 67.4423 14.1238
1.0000 89.9089 19.1264
#PMF from TI in kcal/mol
0.0000 0.0000
0.1000 5.2256
0.2000 10.5122
0.3000 15.7073
0.4000 20.5929
0.5000 25.3029
0.6000 29.8237
0.7000 34.3287
0.8000 39.3154
0.9000 45.3460
1.0000 53.2136
#MBAR free energy difference in kcal/mol: 
53.163080, 0.078840 
#TI free energy difference in kcal/mol: 
53.213551  
