# Analysing data contained in file(s) ['/home/jguven/projects/metalloenzymes/kpc2/outputs/SOMD/lig_9~lig_10/unbound/lambda_0.0000/simfile.dat', '/home/jguven/projects/metalloenzymes/kpc2/outputs/SOMD/lig_9~lig_10/unbound/lambda_0.0625/simfile.dat', '/home/jguven/projects/metalloenzymes/kpc2/outputs/SOMD/lig_9~lig_10/unbound/lambda_0.1250/simfile.dat', '/home/jguven/projects/metalloenzymes/kpc2/outputs/SOMD/lig_9~lig_10/unbound/lambda_0.1875/simfile.dat', '/home/jguven/projects/metalloenzymes/kpc2/outputs/SOMD/lig_9~lig_10/unbound/lambda_0.2500/simfile.dat', '/home/jguven/projects/metalloenzymes/kpc2/outputs/SOMD/lig_9~lig_10/unbound/lambda_0.3125/simfile.dat', '/home/jguven/projects/metalloenzymes/kpc2/outputs/SOMD/lig_9~lig_10/unbound/lambda_0.3750/simfile.dat', '/home/jguven/projects/metalloenzymes/kpc2/outputs/SOMD/lig_9~lig_10/unbound/lambda_0.4375/simfile.dat', '/home/jguven/projects/metalloenzymes/kpc2/outputs/SOMD/lig_9~lig_10/unbound/lambda_0.5000/simfile.dat', '/home/jguven/projects/metalloenzymes/kpc2/outputs/SOMD/lig_9~lig_10/unbound/lambda_0.5625/simfile.dat', '/home/jguven/projects/metalloenzymes/kpc2/outputs/SOMD/lig_9~lig_10/unbound/lambda_0.6250/simfile.dat', '/home/jguven/projects/metalloenzymes/kpc2/outputs/SOMD/lig_9~lig_10/unbound/lambda_0.6875/simfile.dat', '/home/jguven/projects/metalloenzymes/kpc2/outputs/SOMD/lig_9~lig_10/unbound/lambda_0.7500/simfile.dat', '/home/jguven/projects/metalloenzymes/kpc2/outputs/SOMD/lig_9~lig_10/unbound/lambda_0.8125/simfile.dat', '/home/jguven/projects/metalloenzymes/kpc2/outputs/SOMD/lig_9~lig_10/unbound/lambda_0.8750/simfile.dat', '/home/jguven/projects/metalloenzymes/kpc2/outputs/SOMD/lig_9~lig_10/unbound/lambda_0.9375/simfile.dat', '/home/jguven/projects/metalloenzymes/kpc2/outputs/SOMD/lig_9~lig_10/unbound/lambda_1.0000/simfile.dat']
#Overlap matrix
0.7334 0.2372 0.0273 0.0019 0.0001 0.0000 0.0000 0.0000 0.0000 0.0000 0.0000 0.0000 0.0000 0.0000 0.0000 0.0000 0.0000
0.2372 0.5081 0.2253 0.0277 0.0016 0.0001 0.0000 0.0000 0.0000 0.0000 0.0000 0.0000 0.0000 0.0000 0.0000 0.0000 0.0000
0.0273 0.2253 0.5090 0.2158 0.0211 0.0012 0.0001 0.0000 0.0000 0.0000 0.0000 0.0000 0.0000 0.0000 0.0000 0.0000 0.0000
0.0019 0.0277 0.2158 0.5342 0.2017 0.0164 0.0015 0.0004 0.0003 0.0001 0.0000 0.0000 0.0000 0.0000 0.0000 0.0000 0.0000
0.0001 0.0016 0.0211 0.2017 0.5563 0.1921 0.0212 0.0038 0.0016 0.0004 0.0001 0.0000 0.0000 0.0000 0.0000 0.0000 0.0000
0.0000 0.0001 0.0012 0.0164 0.1921 0.5407 0.2050 0.0348 0.0082 0.0012 0.0001 0.0000 0.0000 0.0000 0.0000 0.0000 0.0000
0.0000 0.0000 0.0001 0.0015 0.0212 0.2050 0.4964 0.2235 0.0471 0.0046 0.0004 0.0001 0.0000 0.0000 0.0000 0.0000 0.0000
0.0000 0.0000 0.0000 0.0004 0.0038 0.0348 0.2235 0.4802 0.2292 0.0249 0.0022 0.0006 0.0002 0.0001 0.0000 0.0000 0.0000
0.0000 0.0000 0.0000 0.0003 0.0016 0.0082 0.0471 0.2292 0.4944 0.1802 0.0258 0.0084 0.0036 0.0010 0.0002 0.0000 0.0000
0.0000 0.0000 0.0000 0.0001 0.0004 0.0012 0.0046 0.0249 0.1802 0.4564 0.2148 0.0796 0.0291 0.0075 0.0012 0.0001 0.0000
0.0000 0.0000 0.0000 0.0000 0.0001 0.0001 0.0004 0.0022 0.0258 0.2148 0.3752 0.2493 0.1005 0.0262 0.0047 0.0006 0.0001
0.0000 0.0000 0.0000 0.0000 0.0000 0.0000 0.0001 0.0006 0.0084 0.0796 0.2493 0.3216 0.2222 0.0899 0.0233 0.0042 0.0006
0.0000 0.0000 0.0000 0.0000 0.0000 0.0000 0.0000 0.0002 0.0036 0.0291 0.1005 0.2222 0.2964 0.2199 0.0951 0.0270 0.0058
0.0000 0.0000 0.0000 0.0000 0.0000 0.0000 0.0000 0.0001 0.0010 0.0075 0.0262 0.0899 0.2199 0.2962 0.2226 0.1030 0.0336
0.0000 0.0000 0.0000 0.0000 0.0000 0.0000 0.0000 0.0000 0.0002 0.0012 0.0047 0.0233 0.0951 0.2226 0.2962 0.2349 0.1219
0.0000 0.0000 0.0000 0.0000 0.0000 0.0000 0.0000 0.0000 0.0000 0.0001 0.0006 0.0042 0.0270 0.1030 0.2349 0.3303 0.2998
0.0000 0.0000 0.0000 0.0000 0.0000 0.0000 0.0000 0.0000 0.0000 0.0000 0.0001 0.0006 0.0058 0.0336 0.1219 0.2998 0.5383
#DG from neighbouring lambda in kcal/mol
0.0000 0.0625 1.9826 0.0255
0.0625 0.1250 2.0445 0.0241
0.1250 0.1875 2.1310 0.0254
0.1875 0.2500 2.1102 0.0279
0.2500 0.3125 2.1603 0.0286
0.3125 0.3750 2.6098 0.0250
0.3750 0.4375 3.2840 0.0214
0.4375 0.5000 3.7494 0.0215
0.5000 0.5625 3.3194 0.0274
0.5625 0.6250 3.0219 0.0188
0.6250 0.6875 3.5334 0.0120
0.6875 0.7500 3.6836 0.0123
0.7500 0.8125 3.4637 0.0124
0.8125 0.8750 3.2478 0.0118
0.8750 0.9375 3.1634 0.0113
0.9375 1.0000 3.2577 0.0124
#PMF from MBAR in kcal/mol
0.0000 0.0000 0.0000
0.0625 1.9826 0.0255
0.1250 4.0271 0.0408
0.1875 6.1581 0.0524
0.2500 8.2683 0.0631
0.3125 10.4286 0.0726
0.3750 13.0384 0.0794
0.4375 16.3224 0.0840
0.5000 20.0718 0.0881
0.5625 23.3913 0.0943
0.6250 26.4132 0.0983
0.6875 29.9465 0.0999
0.7500 33.6301 0.1015
0.8125 37.0938 0.1034
0.8750 40.3416 0.1053
0.9375 43.5049 0.1070
1.0000 46.7626 0.1088
#TI average gradients and standard deviation in kcal/mol
0.0000 31.1239 17.4600
0.0625 33.0912 17.2624
0.1250 33.5373 17.8204
0.1875 33.9709 18.5715
0.2500 34.4420 19.8217
0.3125 37.2040 19.9010
0.3750 46.4797 18.0223
0.4375 57.2933 16.1872
0.5000 58.9138 18.1159
0.5625 47.3367 18.8337
0.6250 51.4405 11.5892
0.6875 58.7143 9.8444
0.7500 57.6313 10.3636
0.8125 53.2522 10.4543
0.8750 50.7038 10.4405
0.9375 51.1598 10.1031
1.0000 58.4617 11.0673
#PMF from TI in kcal/mol
0.0000 0.0000
0.0625 2.0067
0.1250 4.0889
0.1875 6.1985
0.2500 8.3364
0.3125 10.5753
0.3750 13.1904
0.4375 16.4333
0.5000 20.0648
0.5625 23.3852
0.6250 26.4719
0.6875 29.9143
0.7500 33.5501
0.8125 37.0152
0.8750 40.2638
0.9375 43.4470
1.0000 46.8727
#MBAR free energy difference in kcal/mol: 
46.762576, 0.108755 
#TI free energy difference in kcal/mol: 
46.872720  
