# Analysing data contained in file(s) ['/home/jguven/projects/metalloenzymes/starmap/outputs/with_min/SOMD_2/lig_1~lig_9/bound/lambda_0.0000/simfile.dat', '/home/jguven/projects/metalloenzymes/starmap/outputs/with_min/SOMD_2/lig_1~lig_9/bound/lambda_0.1000/simfile.dat', '/home/jguven/projects/metalloenzymes/starmap/outputs/with_min/SOMD_2/lig_1~lig_9/bound/lambda_0.2000/simfile.dat', '/home/jguven/projects/metalloenzymes/starmap/outputs/with_min/SOMD_2/lig_1~lig_9/bound/lambda_0.3000/simfile.dat', '/home/jguven/projects/metalloenzymes/starmap/outputs/with_min/SOMD_2/lig_1~lig_9/bound/lambda_0.4000/simfile.dat', '/home/jguven/projects/metalloenzymes/starmap/outputs/with_min/SOMD_2/lig_1~lig_9/bound/lambda_0.5000/simfile.dat', '/home/jguven/projects/metalloenzymes/starmap/outputs/with_min/SOMD_2/lig_1~lig_9/bound/lambda_0.6000/simfile.dat', '/home/jguven/projects/metalloenzymes/starmap/outputs/with_min/SOMD_2/lig_1~lig_9/bound/lambda_0.7000/simfile.dat', '/home/jguven/projects/metalloenzymes/starmap/outputs/with_min/SOMD_2/lig_1~lig_9/bound/lambda_0.8000/simfile.dat', '/home/jguven/projects/metalloenzymes/starmap/outputs/with_min/SOMD_2/lig_1~lig_9/bound/lambda_0.9000/simfile.dat', '/home/jguven/projects/metalloenzymes/starmap/outputs/with_min/SOMD_2/lig_1~lig_9/bound/lambda_1.0000/simfile.dat']
#Overlap matrix
0.3880 0.2700 0.1694 0.0947 0.0467 0.0202 0.0077 0.0025 0.0007 0.0001 0.0000
0.2700 0.2436 0.1944 0.1358 0.0824 0.0433 0.0197 0.0077 0.0024 0.0006 0.0001
0.1694 0.1944 0.1942 0.1673 0.1237 0.0785 0.0428 0.0197 0.0074 0.0022 0.0004
0.0947 0.1358 0.1673 0.1759 0.1575 0.1202 0.0784 0.0430 0.0191 0.0065 0.0015
0.0467 0.0824 0.1237 0.1575 0.1700 0.1558 0.1216 0.0796 0.0418 0.0165 0.0044
0.0202 0.0433 0.0785 0.1202 0.1558 0.1715 0.1606 0.1260 0.0779 0.0353 0.0105
0.0077 0.0197 0.0428 0.0784 0.1216 0.1606 0.1815 0.1724 0.1272 0.0663 0.0219
0.0025 0.0077 0.0197 0.0430 0.0796 0.1260 0.1724 0.2023 0.1867 0.1167 0.0435
0.0007 0.0024 0.0074 0.0191 0.0418 0.0779 0.1272 0.1867 0.2361 0.2049 0.0958
0.0001 0.0006 0.0022 0.0065 0.0165 0.0353 0.0663 0.1167 0.2049 0.3035 0.2475
0.0000 0.0001 0.0004 0.0015 0.0044 0.0105 0.0219 0.0435 0.0958 0.2475 0.5744
#DG from neighbouring lambda in kcal/mol
0.0000 0.1000 2.4146 0.0071
0.1000 0.2000 2.3918 0.0060
0.2000 0.3000 2.3422 0.0056
0.3000 0.4000 2.2846 0.0055
0.4000 0.5000 2.2107 0.0054
0.5000 0.6000 2.1360 0.0054
0.6000 0.7000 2.0897 0.0058
0.7000 0.8000 2.1430 0.0072
0.8000 0.9000 2.3754 0.0103
0.9000 1.0000 2.9344 0.0164
#PMF from MBAR in kcal/mol
0.0000 0.0000 0.0000
0.1000 2.4146 0.0071
0.2000 4.8064 0.0125
0.3000 7.1486 0.0169
0.4000 9.4332 0.0205
0.5000 11.6439 0.0237
0.6000 13.7799 0.0264
0.7000 15.8696 0.0290
0.8000 18.0127 0.0317
0.9000 20.3881 0.0355
1.0000 23.3225 0.0418
#TI average gradients and standard deviation in kcal/mol
0.0000 23.6354 3.7608
0.1000 23.7760 3.6637
0.2000 23.8532 3.8289
0.3000 23.7493 3.5424
0.4000 21.9002 3.6178
0.5000 21.9883 3.4152
0.6000 21.2730 3.6132
0.7000 20.4403 4.2264
0.8000 21.9866 5.0239
0.9000 26.6527 7.1700
1.0000 33.3822 10.1122
#PMF from TI in kcal/mol
0.0000 0.0000
0.1000 2.3706
0.2000 4.7520
0.3000 7.1321
0.4000 9.4146
0.5000 11.6090
0.6000 13.7721
0.7000 15.8578
0.8000 17.9791
0.9000 20.4111
1.0000 23.4128
#MBAR free energy difference in kcal/mol: 
23.322495, 0.041753 
#TI free energy difference in kcal/mol: 
23.412839  
