# Analysing data contained in file(s) ['/home/jguven/projects/metalloenzymes/kpc2/outputs/SOMD/lig_1~lig_2/unbound/lambda_0.0000/simfile.dat', '/home/jguven/projects/metalloenzymes/kpc2/outputs/SOMD/lig_1~lig_2/unbound/lambda_0.1000/simfile.dat', '/home/jguven/projects/metalloenzymes/kpc2/outputs/SOMD/lig_1~lig_2/unbound/lambda_0.2000/simfile.dat', '/home/jguven/projects/metalloenzymes/kpc2/outputs/SOMD/lig_1~lig_2/unbound/lambda_0.3000/simfile.dat', '/home/jguven/projects/metalloenzymes/kpc2/outputs/SOMD/lig_1~lig_2/unbound/lambda_0.4000/simfile.dat', '/home/jguven/projects/metalloenzymes/kpc2/outputs/SOMD/lig_1~lig_2/unbound/lambda_0.5000/simfile.dat', '/home/jguven/projects/metalloenzymes/kpc2/outputs/SOMD/lig_1~lig_2/unbound/lambda_0.6000/simfile.dat', '/home/jguven/projects/metalloenzymes/kpc2/outputs/SOMD/lig_1~lig_2/unbound/lambda_0.7000/simfile.dat', '/home/jguven/projects/metalloenzymes/kpc2/outputs/SOMD/lig_1~lig_2/unbound/lambda_0.8000/simfile.dat', '/home/jguven/projects/metalloenzymes/kpc2/outputs/SOMD/lig_1~lig_2/unbound/lambda_0.9000/simfile.dat', '/home/jguven/projects/metalloenzymes/kpc2/outputs/SOMD/lig_1~lig_2/unbound/lambda_1.0000/simfile.dat']
#Overlap matrix
0.7627 0.2230 0.0142 0.0002 0.0000 0.0000 0.0000 0.0000 0.0000 0.0000 0.0000
0.2230 0.5742 0.1949 0.0077 0.0002 0.0000 0.0000 0.0000 0.0000 0.0000 0.0000
0.0142 0.1949 0.6128 0.1682 0.0095 0.0003 0.0000 0.0000 0.0000 0.0000 0.0000
0.0002 0.0077 0.1682 0.6320 0.1857 0.0056 0.0004 0.0002 0.0001 0.0000 0.0000
0.0000 0.0002 0.0095 0.1857 0.6920 0.1049 0.0069 0.0007 0.0001 0.0000 0.0000
0.0000 0.0000 0.0003 0.0056 0.1049 0.7182 0.1658 0.0051 0.0001 0.0000 0.0000
0.0000 0.0000 0.0000 0.0004 0.0069 0.1658 0.7459 0.0804 0.0006 0.0000 0.0000
0.0000 0.0000 0.0000 0.0002 0.0007 0.0051 0.0804 0.8442 0.0688 0.0005 0.0000
0.0000 0.0000 0.0000 0.0001 0.0001 0.0001 0.0006 0.0688 0.8350 0.0940 0.0013
0.0000 0.0000 0.0000 0.0000 0.0000 0.0000 0.0000 0.0005 0.0940 0.7906 0.1148
0.0000 0.0000 0.0000 0.0000 0.0000 0.0000 0.0000 0.0000 0.0013 0.1148 0.8839
#DG from neighbouring lambda in kcal/mol
0.0000 0.1000 8.8022 0.0259
0.1000 0.2000 7.8643 0.0281
0.2000 0.3000 6.1727 0.0319
0.3000 0.4000 5.2940 0.0299
0.4000 0.5000 4.9613 0.0439
0.5000 0.6000 4.7710 0.0329
0.6000 0.7000 5.8205 0.0533
0.7000 0.8000 5.6005 0.0607
0.8000 0.9000 4.5251 0.0503
0.9000 1.0000 3.6444 0.0446
#PMF from MBAR in kcal/mol
0.0000 0.0000 0.0000
0.1000 8.8022 0.0259
0.2000 16.6666 0.0435
0.3000 22.8392 0.0583
0.4000 28.1333 0.0688
0.5000 33.0946 0.0843
0.6000 37.8656 0.0924
0.7000 43.6861 0.1081
0.8000 49.2866 0.1260
0.9000 53.8117 0.1377
1.0000 57.4561 0.1465
#TI average gradients and standard deviation in kcal/mol
0.0000 83.8656 12.9591
0.1000 84.9935 12.6961
0.2000 71.0051 13.2300
0.3000 53.2538 13.9478
0.4000 55.0339 16.6617
0.5000 44.0997 14.9599
0.6000 53.6990 17.2893
0.7000 59.4131 21.8496
0.8000 50.4886 19.6044
0.9000 41.0302 18.1287
1.0000 34.4942 17.6103
#PMF from TI in kcal/mol
0.0000 0.0000
0.1000 8.4430
0.2000 16.2429
0.3000 22.4558
0.4000 27.8702
0.5000 32.8269
0.6000 37.7168
0.7000 43.3725
0.8000 48.8675
0.9000 53.4435
1.0000 57.2197
#MBAR free energy difference in kcal/mol: 
57.456135, 0.146537 
#TI free energy difference in kcal/mol: 
57.219700  
