# Analysing data contained in file(s) ['/home/jguven/projects/metalloenzymes/kpc2/outputs/SOMD/lig_1~lig_2/unbound/lambda_0.0000/simfile.dat', '/home/jguven/projects/metalloenzymes/kpc2/outputs/SOMD/lig_1~lig_2/unbound/lambda_0.1000/simfile.dat', '/home/jguven/projects/metalloenzymes/kpc2/outputs/SOMD/lig_1~lig_2/unbound/lambda_0.2000/simfile.dat', '/home/jguven/projects/metalloenzymes/kpc2/outputs/SOMD/lig_1~lig_2/unbound/lambda_0.3000/simfile.dat', '/home/jguven/projects/metalloenzymes/kpc2/outputs/SOMD/lig_1~lig_2/unbound/lambda_0.4000/simfile.dat', '/home/jguven/projects/metalloenzymes/kpc2/outputs/SOMD/lig_1~lig_2/unbound/lambda_0.5000/simfile.dat', '/home/jguven/projects/metalloenzymes/kpc2/outputs/SOMD/lig_1~lig_2/unbound/lambda_0.6000/simfile.dat', '/home/jguven/projects/metalloenzymes/kpc2/outputs/SOMD/lig_1~lig_2/unbound/lambda_0.7000/simfile.dat', '/home/jguven/projects/metalloenzymes/kpc2/outputs/SOMD/lig_1~lig_2/unbound/lambda_0.8000/simfile.dat', '/home/jguven/projects/metalloenzymes/kpc2/outputs/SOMD/lig_1~lig_2/unbound/lambda_0.9000/simfile.dat', '/home/jguven/projects/metalloenzymes/kpc2/outputs/SOMD/lig_1~lig_2/unbound/lambda_1.0000/simfile.dat']
#Overlap matrix
0.7702 0.2162 0.0135 0.0001 0.0000 0.0000 0.0000 0.0000 0.0000 0.0000 0.0000
0.2162 0.5811 0.1958 0.0067 0.0001 0.0000 0.0000 0.0000 0.0000 0.0000 0.0000
0.0135 0.1958 0.6226 0.1602 0.0076 0.0003 0.0000 0.0000 0.0000 0.0000 0.0000
0.0001 0.0067 0.1602 0.6403 0.1855 0.0064 0.0005 0.0002 0.0000 0.0000 0.0000
0.0000 0.0001 0.0076 0.1855 0.6913 0.1070 0.0074 0.0010 0.0000 0.0000 0.0000
0.0000 0.0000 0.0003 0.0064 0.1070 0.7126 0.1671 0.0066 0.0001 0.0000 0.0000
0.0000 0.0000 0.0000 0.0005 0.0074 0.1671 0.7371 0.0872 0.0007 0.0000 0.0000
0.0000 0.0000 0.0000 0.0002 0.0010 0.0066 0.0872 0.8306 0.0738 0.0006 0.0000
0.0000 0.0000 0.0000 0.0000 0.0000 0.0001 0.0007 0.0738 0.8291 0.0949 0.0014
0.0000 0.0000 0.0000 0.0000 0.0000 0.0000 0.0000 0.0006 0.0949 0.7856 0.1188
0.0000 0.0000 0.0000 0.0000 0.0000 0.0000 0.0000 0.0000 0.0014 0.1188 0.8798
#DG from neighbouring lambda in kcal/mol
0.0000 0.1000 8.2018 0.0281
0.1000 0.2000 7.2659 0.0297
0.2000 0.3000 5.4862 0.0352
0.3000 0.4000 4.5728 0.0316
0.4000 0.5000 4.4267 0.0454
0.5000 0.6000 4.1332 0.0341
0.6000 0.7000 5.0784 0.0531
0.7000 0.8000 4.8105 0.0613
0.8000 0.9000 3.7535 0.0526
0.9000 1.0000 2.9007 0.0458
#PMF from MBAR in kcal/mol
0.0000 0.0000 0.0000
0.1000 8.2018 0.0281
0.2000 15.4677 0.0464
0.3000 20.9538 0.0627
0.4000 25.5266 0.0738
0.5000 29.9533 0.0893
0.6000 34.0865 0.0976
0.7000 39.1650 0.1125
0.8000 43.9755 0.1304
0.9000 47.7290 0.1428
1.0000 50.6296 0.1519
#TI average gradients and standard deviation in kcal/mol
0.0000 74.6431 14.6187
0.1000 79.4687 11.8083
0.2000 60.9617 12.7488
0.3000 42.3539 20.8584
0.4000 49.9018 16.8349
0.5000 38.1076 11.1973
0.6000 50.3284 18.0976
0.7000 53.4657 22.8173
0.8000 43.9330 18.9045
0.9000 31.2506 16.3646
1.0000 23.0422 17.9535
#PMF from TI in kcal/mol
0.0000 0.0000
0.1000 7.7056
0.2000 14.7271
0.3000 19.8929
0.4000 24.5057
0.5000 28.9061
0.6000 33.3279
0.7000 38.5176
0.8000 43.3876
0.9000 47.1468
1.0000 49.8614
#MBAR free energy difference in kcal/mol: 
50.629613, 0.151879 
#TI free energy difference in kcal/mol: 
49.861402  #WARNING SUBSAMPLING GRADIENTS RESULTED IN LESS THAN 50 SAMPLES, CONSIDER RERUN WITHOUT SUBSAMPLE OPTION 
