# Analysing data contained in file(s) ['/home/jguven/projects/metalloenzymes/kpc2/outputs/SOMD/lig_14~lig_15/bound/lambda_0.0000/simfile.dat', '/home/jguven/projects/metalloenzymes/kpc2/outputs/SOMD/lig_14~lig_15/bound/lambda_0.1000/simfile.dat', '/home/jguven/projects/metalloenzymes/kpc2/outputs/SOMD/lig_14~lig_15/bound/lambda_0.2000/simfile.dat', '/home/jguven/projects/metalloenzymes/kpc2/outputs/SOMD/lig_14~lig_15/bound/lambda_0.3000/simfile.dat', '/home/jguven/projects/metalloenzymes/kpc2/outputs/SOMD/lig_14~lig_15/bound/lambda_0.4000/simfile.dat', '/home/jguven/projects/metalloenzymes/kpc2/outputs/SOMD/lig_14~lig_15/bound/lambda_0.5000/simfile.dat', '/home/jguven/projects/metalloenzymes/kpc2/outputs/SOMD/lig_14~lig_15/bound/lambda_0.6000/simfile.dat', '/home/jguven/projects/metalloenzymes/kpc2/outputs/SOMD/lig_14~lig_15/bound/lambda_0.7000/simfile.dat', '/home/jguven/projects/metalloenzymes/kpc2/outputs/SOMD/lig_14~lig_15/bound/lambda_0.8000/simfile.dat', '/home/jguven/projects/metalloenzymes/kpc2/outputs/SOMD/lig_14~lig_15/bound/lambda_0.9000/simfile.dat', '/home/jguven/projects/metalloenzymes/kpc2/outputs/SOMD/lig_14~lig_15/bound/lambda_1.0000/simfile.dat']
#Overlap matrix
0.4610 0.2866 0.1515 0.0670 0.0245 0.0073 0.0018 0.0003 0.0000 0.0000 0.0000
0.2866 0.2744 0.2106 0.1292 0.0637 0.0253 0.0080 0.0019 0.0003 0.0000 0.0000
0.1515 0.2106 0.2253 0.1879 0.1237 0.0647 0.0264 0.0080 0.0017 0.0002 0.0000
0.0670 0.1292 0.1879 0.2099 0.1827 0.1246 0.0657 0.0255 0.0066 0.0009 0.0000
0.0245 0.0637 0.1237 0.1827 0.2080 0.1844 0.1265 0.0634 0.0201 0.0031 0.0002
0.0073 0.0253 0.0647 0.1246 0.1844 0.2136 0.1933 0.1275 0.0499 0.0088 0.0006
0.0018 0.0080 0.0264 0.0657 0.1265 0.1933 0.2353 0.2119 0.1076 0.0222 0.0014
0.0003 0.0019 0.0080 0.0255 0.0634 0.1275 0.2119 0.2788 0.2173 0.0609 0.0045
0.0000 0.0003 0.0017 0.0066 0.0201 0.0499 0.1076 0.2173 0.3581 0.2144 0.0239
0.0000 0.0000 0.0002 0.0009 0.0031 0.0088 0.0222 0.0609 0.2144 0.5068 0.1827
0.0000 0.0000 0.0000 0.0000 0.0002 0.0006 0.0014 0.0045 0.0239 0.1827 0.7867
#DG from neighbouring lambda in kcal/mol
0.0000 0.1000 0.6035 0.0103
0.1000 0.2000 0.4591 0.0084
0.2000 0.3000 0.2870 0.0079
0.3000 0.4000 0.1097 0.0076
0.4000 0.5000 -0.0796 0.0075
0.5000 0.6000 -0.2453 0.0079
0.6000 0.7000 -0.2768 0.0092
0.7000 0.8000 -0.0021 0.0142
0.8000 0.9000 0.6555 0.0226
0.9000 1.0000 2.2723 0.0347
#PMF from MBAR in kcal/mol
0.0000 0.0000 0.0000
0.1000 0.6035 0.0103
0.2000 1.0626 0.0175
0.3000 1.3495 0.0231
0.4000 1.4592 0.0276
0.5000 1.3796 0.0313
0.6000 1.1343 0.0348
0.7000 0.8575 0.0384
0.8000 0.8554 0.0435
0.9000 1.5109 0.0523
1.0000 3.7832 0.0668
#TI average gradients and standard deviation in kcal/mol
0.0000 4.3644 4.8618
0.1000 5.0021 4.5667
0.2000 3.9603 4.4914
0.3000 2.5693 4.4462
0.4000 -0.3853 4.4395
0.5000 -1.8148 4.2940
0.6000 -2.7838 4.4612
0.7000 -1.8703 5.7745
0.8000 2.3040 8.8085
0.9000 11.8397 12.1001
1.0000 35.3947 16.9357
#PMF from TI in kcal/mol
0.0000 0.0000
0.1000 0.4683
0.2000 0.9165
0.3000 1.2429
0.4000 1.3521
0.5000 1.2421
0.6000 1.0122
0.7000 0.7795
0.8000 0.8012
0.9000 1.5084
1.0000 3.8701
#MBAR free energy difference in kcal/mol: 
3.783217, 0.066781 
#TI free energy difference in kcal/mol: 
3.870086  
