# Analysing data contained in file(s) ['/home/jguven/projects/metalloenzymes/kpc2/outputs/SOMD/lig_5~lig_10/unbound/lambda_0.0000/simfile.dat', '/home/jguven/projects/metalloenzymes/kpc2/outputs/SOMD/lig_5~lig_10/unbound/lambda_0.0625/simfile.dat', '/home/jguven/projects/metalloenzymes/kpc2/outputs/SOMD/lig_5~lig_10/unbound/lambda_0.1250/simfile.dat', '/home/jguven/projects/metalloenzymes/kpc2/outputs/SOMD/lig_5~lig_10/unbound/lambda_0.1875/simfile.dat', '/home/jguven/projects/metalloenzymes/kpc2/outputs/SOMD/lig_5~lig_10/unbound/lambda_0.2500/simfile.dat', '/home/jguven/projects/metalloenzymes/kpc2/outputs/SOMD/lig_5~lig_10/unbound/lambda_0.3125/simfile.dat', '/home/jguven/projects/metalloenzymes/kpc2/outputs/SOMD/lig_5~lig_10/unbound/lambda_0.3750/simfile.dat', '/home/jguven/projects/metalloenzymes/kpc2/outputs/SOMD/lig_5~lig_10/unbound/lambda_0.4375/simfile.dat', '/home/jguven/projects/metalloenzymes/kpc2/outputs/SOMD/lig_5~lig_10/unbound/lambda_0.5000/simfile.dat', '/home/jguven/projects/metalloenzymes/kpc2/outputs/SOMD/lig_5~lig_10/unbound/lambda_0.5625/simfile.dat', '/home/jguven/projects/metalloenzymes/kpc2/outputs/SOMD/lig_5~lig_10/unbound/lambda_0.6250/simfile.dat', '/home/jguven/projects/metalloenzymes/kpc2/outputs/SOMD/lig_5~lig_10/unbound/lambda_0.6875/simfile.dat', '/home/jguven/projects/metalloenzymes/kpc2/outputs/SOMD/lig_5~lig_10/unbound/lambda_0.7500/simfile.dat', '/home/jguven/projects/metalloenzymes/kpc2/outputs/SOMD/lig_5~lig_10/unbound/lambda_0.8125/simfile.dat', '/home/jguven/projects/metalloenzymes/kpc2/outputs/SOMD/lig_5~lig_10/unbound/lambda_0.8750/simfile.dat', '/home/jguven/projects/metalloenzymes/kpc2/outputs/SOMD/lig_5~lig_10/unbound/lambda_0.9375/simfile.dat', '/home/jguven/projects/metalloenzymes/kpc2/outputs/SOMD/lig_5~lig_10/unbound/lambda_1.0000/simfile.dat']
#Overlap matrix
0.4499 0.2898 0.1567 0.0697 0.0249 0.0071 0.0016 0.0003 0.0000 0.0000 0.0000 0.0000 0.0000 0.0000 0.0000 0.0000 0.0000
0.2898 0.2750 0.2116 0.1293 0.0622 0.0233 0.0068 0.0016 0.0003 0.0000 0.0000 0.0000 0.0000 0.0000 0.0000 0.0000 0.0000
0.1567 0.2116 0.2270 0.1894 0.1222 0.0608 0.0233 0.0070 0.0016 0.0003 0.0000 0.0000 0.0000 0.0000 0.0000 0.0000 0.0000
0.0697 0.1293 0.1894 0.2133 0.1836 0.1206 0.0608 0.0239 0.0073 0.0017 0.0003 0.0000 0.0000 0.0000 0.0000 0.0000 0.0000
0.0249 0.0622 0.1222 0.1836 0.2092 0.1812 0.1203 0.0620 0.0248 0.0076 0.0017 0.0003 0.0000 0.0000 0.0000 0.0000 0.0000
0.0071 0.0233 0.0608 0.1206 0.1812 0.2068 0.1807 0.1219 0.0633 0.0249 0.0074 0.0017 0.0003 0.0000 0.0000 0.0000 0.0000
0.0016 0.0068 0.0233 0.0608 0.1203 0.1807 0.2070 0.1819 0.1223 0.0623 0.0240 0.0071 0.0016 0.0003 0.0000 0.0000 0.0000
0.0003 0.0016 0.0070 0.0239 0.0620 0.1219 0.1819 0.2073 0.1811 0.1203 0.0607 0.0233 0.0069 0.0016 0.0003 0.0000 0.0000
0.0000 0.0003 0.0016 0.0073 0.0248 0.0633 0.1223 0.1811 0.2066 0.1803 0.1197 0.0605 0.0233 0.0069 0.0016 0.0003 0.0001
0.0000 0.0000 0.0003 0.0017 0.0076 0.0249 0.0623 0.1203 0.1803 0.2075 0.1816 0.1202 0.0604 0.0235 0.0072 0.0018 0.0004
0.0000 0.0000 0.0000 0.0003 0.0017 0.0074 0.0240 0.0607 0.1197 0.1816 0.2086 0.1810 0.1194 0.0609 0.0246 0.0080 0.0021
0.0000 0.0000 0.0000 0.0000 0.0003 0.0017 0.0071 0.0233 0.0605 0.1202 0.1810 0.2066 0.1796 0.1205 0.0634 0.0267 0.0091
0.0000 0.0000 0.0000 0.0000 0.0000 0.0003 0.0016 0.0069 0.0233 0.0604 0.1194 0.1796 0.2056 0.1806 0.1241 0.0680 0.0303
0.0000 0.0000 0.0000 0.0000 0.0000 0.0000 0.0003 0.0016 0.0069 0.0235 0.0609 0.1205 0.1806 0.2072 0.1860 0.1338 0.0787
0.0000 0.0000 0.0000 0.0000 0.0000 0.0000 0.0000 0.0003 0.0016 0.0072 0.0246 0.0634 0.1241 0.1860 0.2194 0.2089 0.1644
0.0000 0.0000 0.0000 0.0000 0.0000 0.0000 0.0000 0.0000 0.0003 0.0018 0.0080 0.0267 0.0680 0.1338 0.2089 0.2666 0.2858
0.0000 0.0000 0.0000 0.0000 0.0000 0.0000 0.0000 0.0000 0.0001 0.0004 0.0021 0.0091 0.0303 0.0787 0.1644 0.2858 0.4291
#DG from neighbouring lambda in kcal/mol
0.0000 0.0625 5.9525 0.0092
0.0625 0.1250 5.7749 0.0079
0.1250 0.1875 5.5717 0.0077
0.1875 0.2500 5.3645 0.0076
0.2500 0.3125 5.1597 0.0075
0.3125 0.3750 4.9600 0.0074
0.3750 0.4375 4.7681 0.0073
0.4375 0.5000 4.5780 0.0074
0.5000 0.5625 4.3811 0.0076
0.5625 0.6250 4.1803 0.0076
0.6250 0.6875 3.9815 0.0076
0.6875 0.7500 3.7882 0.0075
0.7500 0.8125 3.6082 0.0073
0.8125 0.8750 3.4462 0.0071
0.8750 0.9375 3.3012 0.0072
0.9375 1.0000 3.1728 0.0084
#PMF from MBAR in kcal/mol
0.0000 0.0000 0.0000
0.0625 5.9525 0.0092
0.1250 11.7274 0.0160
0.1875 17.2991 0.0215
0.2500 22.6636 0.0261
0.3125 27.8233 0.0299
0.3750 32.7832 0.0333
0.4375 37.5514 0.0363
0.5000 42.1294 0.0390
0.5625 46.5105 0.0417
0.6250 50.6908 0.0442
0.6875 54.6723 0.0466
0.7500 58.4605 0.0488
0.8125 62.0687 0.0509
0.8750 65.5149 0.0529
0.9375 68.8160 0.0547
1.0000 71.9888 0.0568
#TI average gradients and standard deviation in kcal/mol
0.0000 96.2943 7.1898
0.0625 93.8365 7.3333
0.1250 90.5097 7.3150
0.1875 87.3431 7.2735
0.2500 84.0527 7.1564
0.3125 81.0552 6.8395
0.3750 77.9129 7.1245
0.4375 74.5561 7.1256
0.5000 71.6244 7.2319
0.5625 68.2769 7.2440
0.6250 65.3119 7.2238
0.6875 61.9568 7.1586
0.7500 59.0263 7.0069
0.8125 56.4132 7.0239
0.8750 53.8594 6.6934
0.9375 51.6450 6.7093
1.0000 50.1985 6.6305
#PMF from TI in kcal/mol
0.0000 0.0000
0.0625 5.9416
0.1250 11.7024
0.1875 17.2603
0.2500 22.6164
0.3125 27.7761
0.3750 32.7438
0.4375 37.5085
0.5000 42.0766
0.5625 46.4485
0.6250 50.6232
0.6875 54.6003
0.7500 58.3810
0.8125 61.9885
0.8750 65.4345
0.9375 68.7316
1.0000 71.9142
#MBAR free energy difference in kcal/mol: 
71.988843, 0.056777 
#TI free energy difference in kcal/mol: 
71.914161  
