# Analysing data contained in file(s) ['/home/jguven/projects/metalloenzymes/starmap/outputs/with_min/SOMD_1/lig_1~lig_12/bound/lambda_0.0000/simfile.dat', '/home/jguven/projects/metalloenzymes/starmap/outputs/with_min/SOMD_1/lig_1~lig_12/bound/lambda_0.1000/simfile.dat', '/home/jguven/projects/metalloenzymes/starmap/outputs/with_min/SOMD_1/lig_1~lig_12/bound/lambda_0.2000/simfile.dat', '/home/jguven/projects/metalloenzymes/starmap/outputs/with_min/SOMD_1/lig_1~lig_12/bound/lambda_0.3000/simfile.dat', '/home/jguven/projects/metalloenzymes/starmap/outputs/with_min/SOMD_1/lig_1~lig_12/bound/lambda_0.4000/simfile.dat', '/home/jguven/projects/metalloenzymes/starmap/outputs/with_min/SOMD_1/lig_1~lig_12/bound/lambda_0.5000/simfile.dat', '/home/jguven/projects/metalloenzymes/starmap/outputs/with_min/SOMD_1/lig_1~lig_12/bound/lambda_0.6000/simfile.dat', '/home/jguven/projects/metalloenzymes/starmap/outputs/with_min/SOMD_1/lig_1~lig_12/bound/lambda_0.7000/simfile.dat', '/home/jguven/projects/metalloenzymes/starmap/outputs/with_min/SOMD_1/lig_1~lig_12/bound/lambda_0.8000/simfile.dat', '/home/jguven/projects/metalloenzymes/starmap/outputs/with_min/SOMD_1/lig_1~lig_12/bound/lambda_0.9000/simfile.dat', '/home/jguven/projects/metalloenzymes/starmap/outputs/with_min/SOMD_1/lig_1~lig_12/bound/lambda_1.0000/simfile.dat']
#Overlap matrix
0.5733 0.2997 0.1021 0.0217 0.0029 0.0003 0.0000 0.0000 0.0000 0.0000 0.0000
0.2997 0.3429 0.2353 0.0953 0.0230 0.0035 0.0003 0.0000 0.0000 0.0000 0.0000
0.1021 0.2353 0.3084 0.2290 0.0971 0.0242 0.0036 0.0003 0.0000 0.0000 0.0000
0.0217 0.0953 0.2290 0.3045 0.2301 0.0952 0.0214 0.0026 0.0002 0.0000 0.0000
0.0029 0.0230 0.0971 0.2301 0.3213 0.2322 0.0784 0.0135 0.0014 0.0001 0.0000
0.0003 0.0035 0.0242 0.0952 0.2322 0.3530 0.2244 0.0584 0.0083 0.0006 0.0000
0.0000 0.0003 0.0036 0.0214 0.0784 0.2244 0.3946 0.2261 0.0474 0.0038 0.0001
0.0000 0.0000 0.0003 0.0026 0.0135 0.0584 0.2261 0.4468 0.2266 0.0250 0.0007
0.0000 0.0000 0.0000 0.0002 0.0014 0.0083 0.0474 0.2266 0.5236 0.1832 0.0092
0.0000 0.0000 0.0000 0.0000 0.0001 0.0006 0.0038 0.0250 0.1832 0.6212 0.1661
0.0000 0.0000 0.0000 0.0000 0.0000 0.0000 0.0001 0.0007 0.0092 0.1661 0.8238
#DG from neighbouring lambda in kcal/mol
0.0000 0.1000 2.6070 0.0133
0.1000 0.2000 2.4476 0.0122
0.2000 0.3000 2.2711 0.0117
0.3000 0.4000 2.1554 0.0116
0.4000 0.5000 2.1856 0.0127
0.5000 0.6000 2.2667 0.0155
0.6000 0.7000 2.3305 0.0180
0.7000 0.8000 2.6281 0.0208
0.8000 0.9000 3.2328 0.0288
0.9000 1.0000 4.1580 0.0346
#PMF from MBAR in kcal/mol
0.0000 0.0000 0.0000
0.1000 2.6070 0.0133
0.2000 5.0547 0.0229
0.3000 7.3257 0.0300
0.4000 9.4811 0.0355
0.5000 11.6666 0.0405
0.6000 13.9334 0.0461
0.7000 16.2639 0.0522
0.8000 18.8920 0.0588
0.9000 22.1247 0.0683
1.0000 26.2827 0.0796
#TI average gradients and standard deviation in kcal/mol
0.0000 23.5346 6.7804
0.1000 24.7500 6.6568
0.2000 23.3466 6.6450
0.3000 23.2175 6.5970
0.4000 20.9127 6.8584
0.5000 21.9614 7.7738
0.6000 23.0840 9.1992
0.7000 23.4833 10.1433
0.8000 30.1172 12.1922
0.9000 35.6895 13.8393
1.0000 48.3384 16.4913
#PMF from TI in kcal/mol
0.0000 0.0000
0.1000 2.4142
0.2000 4.8191
0.3000 7.1473
0.4000 9.3538
0.5000 11.4975
0.6000 13.7498
0.7000 16.0781
0.8000 18.7581
0.9000 22.0485
1.0000 26.2499
#MBAR free energy difference in kcal/mol: 
26.282727, 0.079635 
#TI free energy difference in kcal/mol: 
26.249871  
