# Analysing data contained in file(s) ['/home/jguven/projects/metalloenzymes/kpc2/outputs/SOMD/lig_10~lig_4/unbound/lambda_0.0000/simfile.dat', '/home/jguven/projects/metalloenzymes/kpc2/outputs/SOMD/lig_10~lig_4/unbound/lambda_0.1000/simfile.dat', '/home/jguven/projects/metalloenzymes/kpc2/outputs/SOMD/lig_10~lig_4/unbound/lambda_0.2000/simfile.dat', '/home/jguven/projects/metalloenzymes/kpc2/outputs/SOMD/lig_10~lig_4/unbound/lambda_0.3000/simfile.dat', '/home/jguven/projects/metalloenzymes/kpc2/outputs/SOMD/lig_10~lig_4/unbound/lambda_0.4000/simfile.dat', '/home/jguven/projects/metalloenzymes/kpc2/outputs/SOMD/lig_10~lig_4/unbound/lambda_0.5000/simfile.dat', '/home/jguven/projects/metalloenzymes/kpc2/outputs/SOMD/lig_10~lig_4/unbound/lambda_0.6000/simfile.dat', '/home/jguven/projects/metalloenzymes/kpc2/outputs/SOMD/lig_10~lig_4/unbound/lambda_0.7000/simfile.dat', '/home/jguven/projects/metalloenzymes/kpc2/outputs/SOMD/lig_10~lig_4/unbound/lambda_0.8000/simfile.dat', '/home/jguven/projects/metalloenzymes/kpc2/outputs/SOMD/lig_10~lig_4/unbound/lambda_0.9000/simfile.dat', '/home/jguven/projects/metalloenzymes/kpc2/outputs/SOMD/lig_10~lig_4/unbound/lambda_1.0000/simfile.dat']
#Overlap matrix
0.9776 0.0224 0.0000 0.0000 0.0000 0.0000 0.0000 0.0000 0.0000 0.0000 0.0000
0.0224 0.9519 0.0258 0.0000 0.0000 0.0000 0.0000 0.0000 0.0000 0.0000 0.0000
0.0000 0.0258 0.9452 0.0291 0.0000 0.0000 0.0000 0.0000 0.0000 0.0000 0.0000
0.0000 0.0000 0.0291 0.9385 0.0325 0.0000 0.0000 0.0000 0.0000 0.0000 0.0000
0.0000 0.0000 0.0000 0.0325 0.9260 0.0415 0.0000 0.0000 0.0000 0.0000 0.0000
0.0000 0.0000 0.0000 0.0000 0.0415 0.9137 0.0448 0.0000 0.0000 0.0000 0.0000
0.0000 0.0000 0.0000 0.0000 0.0000 0.0448 0.9006 0.0546 0.0000 0.0000 0.0000
0.0000 0.0000 0.0000 0.0000 0.0000 0.0000 0.0546 0.8885 0.0569 0.0000 0.0000
0.0000 0.0000 0.0000 0.0000 0.0000 0.0000 0.0000 0.0569 0.8706 0.0725 0.0000
0.0000 0.0000 0.0000 0.0000 0.0000 0.0000 0.0000 0.0000 0.0725 0.8466 0.0809
0.0000 0.0000 0.0000 0.0000 0.0000 0.0000 0.0000 0.0000 0.0000 0.0809 0.9191
#DG from neighbouring lambda in kcal/mol
0.0000 0.1000 -5.9454 0.1211
0.1000 0.2000 -6.0847 0.1125
0.2000 0.3000 -6.1262 0.1055
0.3000 0.4000 -6.3553 0.0995
0.4000 0.5000 -6.8229 0.0871
0.5000 0.6000 -7.0506 0.0836
0.6000 0.7000 -7.3884 0.0749
0.7000 0.8000 -7.7727 0.0732
0.8000 0.9000 -8.1218 0.0637
0.9000 1.0000 -8.3612 0.0597
#PMF from MBAR in kcal/mol
0.0000 0.0000 0.0000
0.1000 -5.9454 0.1211
0.2000 -12.0301 0.1674
0.3000 -18.1563 0.1996
0.4000 -24.5116 0.2246
0.5000 -31.3345 0.2423
0.6000 -38.3851 0.2576
0.7000 -45.7734 0.2696
0.8000 -53.5462 0.2806
0.9000 -61.6680 0.2889
1.0000 -70.0291 0.2961
#TI average gradients and standard deviation in kcal/mol
0.0000 -54.4141 29.5507
0.1000 -58.8465 27.3591
0.2000 -60.9648 25.1421
0.3000 -62.7597 24.8021
0.4000 -65.5481 24.6639
0.5000 -68.5506 23.7180
0.6000 -71.5031 22.8079
0.7000 -74.5003 21.9271
0.8000 -79.0100 20.7761
0.9000 -82.2520 19.4467
1.0000 -85.2581 19.0528
#PMF from TI in kcal/mol
0.0000 0.0000
0.1000 -5.6630
0.2000 -11.6536
0.3000 -17.8398
0.4000 -24.2552
0.5000 -30.9602
0.6000 -37.9628
0.7000 -45.2630
0.8000 -52.9385
0.9000 -61.0016
1.0000 -69.3771
#MBAR free energy difference in kcal/mol: 
-70.029134, 0.296133 
#TI free energy difference in kcal/mol: 
-69.377130  
