# Analysing data contained in file(s) ['/home/jguven/projects/metalloenzymes/kpc2/outputs/SOMD/lig_10~lig_4/unbound/lambda_0.0000/simfile.dat', '/home/jguven/projects/metalloenzymes/kpc2/outputs/SOMD/lig_10~lig_4/unbound/lambda_0.1000/simfile.dat', '/home/jguven/projects/metalloenzymes/kpc2/outputs/SOMD/lig_10~lig_4/unbound/lambda_0.2000/simfile.dat', '/home/jguven/projects/metalloenzymes/kpc2/outputs/SOMD/lig_10~lig_4/unbound/lambda_0.3000/simfile.dat', '/home/jguven/projects/metalloenzymes/kpc2/outputs/SOMD/lig_10~lig_4/unbound/lambda_0.4000/simfile.dat', '/home/jguven/projects/metalloenzymes/kpc2/outputs/SOMD/lig_10~lig_4/unbound/lambda_0.5000/simfile.dat', '/home/jguven/projects/metalloenzymes/kpc2/outputs/SOMD/lig_10~lig_4/unbound/lambda_0.6000/simfile.dat', '/home/jguven/projects/metalloenzymes/kpc2/outputs/SOMD/lig_10~lig_4/unbound/lambda_0.7000/simfile.dat', '/home/jguven/projects/metalloenzymes/kpc2/outputs/SOMD/lig_10~lig_4/unbound/lambda_0.8000/simfile.dat', '/home/jguven/projects/metalloenzymes/kpc2/outputs/SOMD/lig_10~lig_4/unbound/lambda_0.9000/simfile.dat', '/home/jguven/projects/metalloenzymes/kpc2/outputs/SOMD/lig_10~lig_4/unbound/lambda_1.0000/simfile.dat']
#Overlap matrix
0.8907 0.1080 0.0014 0.0000 0.0000 0.0000 0.0000 0.0000 0.0000 0.0000 0.0000
0.1080 0.7396 0.1478 0.0046 0.0001 0.0000 0.0000 0.0000 0.0000 0.0000 0.0000
0.0014 0.1478 0.6650 0.1768 0.0089 0.0002 0.0000 0.0000 0.0000 0.0000 0.0000
0.0000 0.0046 0.1768 0.6097 0.1960 0.0126 0.0003 0.0000 0.0000 0.0000 0.0000
0.0000 0.0001 0.0089 0.1960 0.5803 0.1971 0.0170 0.0007 0.0000 0.0000 0.0000
0.0000 0.0000 0.0002 0.0126 0.1971 0.5330 0.2261 0.0298 0.0013 0.0000 0.0000
0.0000 0.0000 0.0000 0.0003 0.0170 0.2261 0.4813 0.2391 0.0345 0.0018 0.0000
0.0000 0.0000 0.0000 0.0000 0.0007 0.0298 0.2391 0.4530 0.2352 0.0397 0.0026
0.0000 0.0000 0.0000 0.0000 0.0000 0.0013 0.0345 0.2352 0.4369 0.2449 0.0471
0.0000 0.0000 0.0000 0.0000 0.0000 0.0000 0.0018 0.0397 0.2449 0.4370 0.2765
0.0000 0.0000 0.0000 0.0000 0.0000 0.0000 0.0000 0.0026 0.0471 0.2765 0.6738
#DG from neighbouring lambda in kcal/mol
0.0000 0.1000 2.9142 0.0486
0.1000 0.2000 4.1832 0.0386
0.2000 0.3000 4.8652 0.0328
0.3000 0.4000 5.0771 0.0294
0.4000 0.5000 5.0756 0.0283
0.5000 0.6000 5.0303 0.0237
0.6000 0.7000 5.0036 0.0211
0.7000 0.8000 4.7718 0.0206
0.8000 0.9000 4.5111 0.0191
0.9000 1.0000 4.2844 0.0194
#PMF from MBAR in kcal/mol
0.0000 0.0000 0.0000
0.1000 2.9142 0.0486
0.2000 7.0974 0.0668
0.3000 11.9626 0.0781
0.4000 17.0397 0.0865
0.5000 22.1153 0.0937
0.6000 27.1455 0.0990
0.7000 32.1491 0.1033
0.8000 36.9209 0.1073
0.9000 41.4320 0.1108
1.0000 45.7163 0.1141
#TI average gradients and standard deviation in kcal/mol
0.0000 21.6445 18.6517
0.1000 36.2429 17.3705
0.2000 45.2426 16.0186
0.3000 50.6101 13.4213
0.4000 52.4246 11.8725
0.5000 49.6626 11.6894
0.6000 52.2908 10.1048
0.7000 49.5892 10.3598
0.8000 46.7023 9.8089
0.9000 43.9428 8.8675
1.0000 46.3602 9.2029
#PMF from TI in kcal/mol
0.0000 0.0000
0.1000 2.8944
0.2000 6.9686
0.3000 11.7613
0.4000 16.9130
0.5000 22.0174
0.6000 27.1151
0.7000 32.2091
0.8000 37.0236
0.9000 41.5559
1.0000 46.0710
#MBAR free energy difference in kcal/mol: 
45.716345, 0.114111 
#TI free energy difference in kcal/mol: 
46.071036  
